# 1: Time step number
# 2: Time (years)
# 3: Time step size (years)
# 4: Number of mesh cells
# 5: Number of Stokes degrees of freedom
# 6: Number of temperature degrees of freedom
# 7: Iterations for temperature solver
# 8: Iterations for Stokes solver
# 9: Velocity iterations in Stokes preconditioner
# 10: Schur complement iterations in Stokes preconditioner
# 11: Minimal cells per process
# 12: Maximal cells per process
# 13: Average cells per process
# 14: Minimal particles per process
# 15: Maximal particles per process
# 16: Average particles per process
# 17: Minimal local particle to cell ratio
# 18: Maximal local particle to cell ratio
# 19: Average local particle to cell ratio
# 20: Cache hits
# 21: Cache misses
# 22: Cache hit rate
# 23: Number of advected particles
# 24: Particle file name
  0 0.000000000000e+00 0.000000000000e+00 768 7235 3201  0 36 38 244 64 64 64.0000 83  84 83.3333 1.2969 1.3125 1.3021  61 939 0.061 1000 output/particles/particles-00000 
  1 1.000000000000e+05 1.000000000000e+05 768 7235 3201 11 36 38 248 64 64 64.0000 83  84 83.3333 1.2969 1.3125 1.3021 980  20 0.980 1000 output/particles/particles-00001 
  2 2.000000000000e+05 1.000000000000e+05 768 7235 3201  9 36 38 246 64 64 64.0000 83  84 83.3333 1.2969 1.3125 1.3021 936  64 0.936 1000 output/particles/particles-00002 
  3 3.000000000000e+05 1.000000000000e+05 768 7235 3201  9 36 38 249 64 64 64.0000 83  84 83.3333 1.2969 1.3125 1.3021 489 511 0.489 1000 output/particles/particles-00003 
  4 4.000000000000e+05 1.000000000000e+05 768 7235 3201  9 37 39 254 64 64 64.0000 82  84 83.3333 1.2812 1.3125 1.3021 285 715 0.285 1000 output/particles/particles-00004 
  5 5.000000000000e+05 1.000000000000e+05 768 7235 3201  9 37 39 255 64 64 64.0000 82  84 83.3333 1.2812 1.3125 1.3021 197 803 0.197 1000 output/particles/particles-00005 
  6 6.000000000000e+05 1.000000000000e+05 768 7235 3201  9 37 39 259 64 64 64.0000 80  87 83.3333 1.2500 1.3594 1.3021 210 790 0.210 1000 output/particles/particles-00006 
  7 7.000000000000e+05 1.000000000000e+05 768 7235 3201 11 38 40 274 64 64 64.0000 80  88 83.3333 1.2500 1.3750 1.3021 201 799 0.201 1000 output/particles/particles-00007 
  8 7.665661793026e+05 6.656617930258e+04 768 7235 3201 14 38 40 280 64 64 64.0000 74  88 83.3333 1.1562 1.3750 1.3021 233 767 0.233 1000 output/particles/particles-00008 
  9 8.059065438558e+05 3.934036455320e+04 768 7235 3201 15 37 39 273 64 64 64.0000 72  89 83.3333 1.1250 1.3906 1.3021 245 755 0.245 1000 output/particles/particles-00009 
 10 8.340481930282e+05 2.814164917242e+04 768 7235 3201 15 36 38 266 64 64 64.0000 73  91 83.3333 1.1406 1.4219 1.3021 287 713 0.287 1000 output/particles/particles-00010 
 11 8.560224841347e+05 2.197429110647e+04 768 7235 3201 15 35 37 259 64 64 64.0000 73  91 83.3333 1.1406 1.4219 1.3021 289 711 0.289 1000 output/particles/particles-00011 
 12 8.740939372643e+05 1.807145312963e+04 768 7235 3201 15 34 36 252 64 64 64.0000 72  92 83.3333 1.1250 1.4375 1.3021 297 703 0.297 1000 output/particles/particles-00012 
 13 8.894732843146e+05 1.537934705034e+04 768 7235 3201 15 33 35 245 64 64 64.0000 75  91 83.3333 1.1719 1.4219 1.3021 317 683 0.317 1000 output/particles/particles-00013 
 14 9.029019445150e+05 1.342866020038e+04 768 7235 3201 15 33 35 245 64 64 64.0000 77  91 83.3333 1.2031 1.4219 1.3021 326 674 0.326 1000 output/particles/particles-00014 
 15 9.148560183056e+05 1.195407379058e+04 768 7235 3201 15 32 34 238 64 64 64.0000 75  91 83.3333 1.1719 1.4219 1.3021 352 648 0.352 1000 output/particles/particles-00015 
 16 9.256596061531e+05 1.080358784754e+04 768 7235 3201 15 32 34 238 64 64 64.0000 76  92 83.3333 1.1875 1.4375 1.3021 326 674 0.326 1000 output/particles/particles-00016 
 17 9.355435555008e+05 9.883949347663e+03 768 7235 3201 15 31 33 237 64 64 64.0000 72  93 83.3333 1.1250 1.4531 1.3021 365 635 0.365 1000 output/particles/particles-00017 
 18 9.446783620684e+05 9.134806567559e+03 768 7235 3201 15 31 33 249 64 64 64.0000 69  93 83.3333 1.0781 1.4531 1.3021 357 643 0.357 1000 output/particles/particles-00018 
 19 9.531937470637e+05 8.515384995336e+03 768 7235 3201 15 31 33 261 64 64 64.0000 68  95 83.3333 1.0625 1.4844 1.3021 387 613 0.387 1000 output/particles/particles-00019 
 20 9.611289736755e+05 7.935226611807e+03 768 7235 3201 15 30 32 255 64 64 64.0000 68  99 83.3333 1.0625 1.5469 1.3021 364 636 0.364 1000 output/particles/particles-00020 
 21 9.685528021340e+05 7.423828458470e+03 768 7235 3201 15 30 32 255 64 64 64.0000 65  99 83.3333 1.0156 1.5469 1.3021 379 621 0.379 1000 output/particles/particles-00021 
 22 9.755464503842e+05 6.993648250242e+03 768 7235 3201 15 29 31 248 64 64 64.0000 64  99 83.3333 1.0000 1.5469 1.3021 397 603 0.397 1000 output/particles/particles-00022 
 23 9.821751080860e+05 6.628657701782e+03 768 7235 3201 15 29 31 248 64 64 64.0000 63  96 83.3333 0.9844 1.5000 1.3021 386 614 0.386 1000 output/particles/particles-00023 
 24 9.884918603457e+05 6.316752259649e+03 768 7235 3201 15 27 29 232 64 64 64.0000 65  96 83.3333 1.0156 1.5000 1.3021 369 631 0.369 1000 output/particles/particles-00024 
 25 9.945404902777e+05 6.048629932017e+03 768 7235 3201 15 28 30 240 64 64 64.0000 64  96 83.3333 1.0000 1.5000 1.3021 376 624 0.376 1000 output/particles/particles-00025 
 26 1.000357531420e+06 5.817041141943e+03 768 7235 3201 16 28 30 240 64 64 64.0000 65  94 83.3333 1.0156 1.4688 1.3021 384 616 0.384 1000 output/particles/particles-00026 
 27 1.005973801564e+06 5.616270144067e+03 768 7235 3201 16 28 30 240 64 64 64.0000 63  93 83.3333 0.9844 1.4531 1.3021 399 601 0.399 1000 output/particles/particles-00027 
 28 1.011415568065e+06 5.441766500977e+03 768 7235 3201 16 27 29 232 64 64 64.0000 63  95 83.3333 0.9844 1.4844 1.3021 377 623 0.377 1000 output/particles/particles-00028 
 29 1.016705446452e+06 5.289878387388e+03 768 7235 3201 16 27 29 232 64 64 64.0000 67  93 83.3333 1.0469 1.4531 1.3021 391 609 0.391 1000 output/particles/particles-00029 
 30 1.021863101251e+06 5.157654799303e+03 768 7235 3201 16 27 29 232 64 64 64.0000 67  97 83.3333 1.0469 1.5156 1.3021 377 623 0.377 1000 output/particles/particles-00030 
 31 1.026905798127e+06 5.042696875928e+03 768 7235 3201 16 27 29 233 64 64 64.0000 68  94 83.3333 1.0625 1.4688 1.3021 368 632 0.368 1000 output/particles/particles-00031 
 32 1.031848842615e+06 4.943044487603e+03 768 7235 3201 16 27 29 234 64 64 64.0000 68  96 83.3333 1.0625 1.5000 1.3021 357 643 0.357 1000 output/particles/particles-00032 
 33 1.036704145094e+06 4.855302479311e+03 768 7235 3201 15 27 29 236 64 64 64.0000 69  95 83.3333 1.0781 1.4844 1.3021 381 619 0.381 1000 output/particles/particles-00033 
 34 1.041483493362e+06 4.779348267458e+03 768 7235 3201 15 27 29 237 64 64 64.0000 70  96 83.3333 1.0938 1.5000 1.3021 379 621 0.379 1000 output/particles/particles-00034 
 35 1.046198498688e+06 4.715005326446e+03 768 7235 3201 15 27 29 238 64 64 64.0000 69  96 83.3333 1.0781 1.5000 1.3021 388 612 0.388 1000 output/particles/particles-00035 
 36 1.050859779033e+06 4.661280344421e+03 768 7235 3201 15 27 29 240 64 64 64.0000 67  97 83.3333 1.0469 1.5156 1.3021 380 620 0.380 1000 output/particles/particles-00036 
 37 1.055477132438e+06 4.617353405673e+03 768 7235 3201 15 27 29 240 64 64 64.0000 66  99 83.3333 1.0312 1.5469 1.3021 383 617 0.383 1000 output/particles/particles-00037 
 38 1.060059680954e+06 4.582548515724e+03 768 7235 3201 15 27 29 239 64 64 64.0000 65  99 83.3333 1.0156 1.5469 1.3021 376 624 0.376 1000 output/particles/particles-00038 
 39 1.064615990913e+06 4.556309958827e+03 768 7235 3201 15 27 29 236 64 64 64.0000 68  97 83.3333 1.0625 1.5156 1.3021 388 612 0.388 1000 output/particles/particles-00039 
 40 1.069154173900e+06 4.538182987667e+03 768 7235 3201 15 27 29 235 64 64 64.0000 66  99 83.3333 1.0312 1.5469 1.3021 376 624 0.376 1000 output/particles/particles-00040 
 41 1.073681972254e+06 4.527798353779e+03 768 7235 3201 15 27 29 237 64 64 64.0000 69  97 83.3333 1.0781 1.5156 1.3021 366 634 0.366 1000 output/particles/particles-00041 
 42 1.078206831980e+06 4.524859725350e+03 768 7235 3201 15 27 29 238 64 64 64.0000 69  97 83.3333 1.0781 1.5156 1.3021 378 622 0.378 1000 output/particles/particles-00042 
 43 1.082735966364e+06 4.529134384113e+03 768 7235 3201 15 26 28 228 64 64 64.0000 68  98 83.3333 1.0625 1.5312 1.3021 369 631 0.369 1000 output/particles/particles-00043 
 44 1.087276412691e+06 4.540446326915e+03 768 7235 3201 15 27 29 239 64 64 64.0000 73  95 83.3333 1.1406 1.4844 1.3021 366 634 0.366 1000 output/particles/particles-00044 
 45 1.091835083852e+06 4.558671161323e+03 768 7235 3201 15 27 29 244 64 64 64.0000 72  97 83.3333 1.1250 1.5156 1.3021 366 634 0.366 1000 output/particles/particles-00045 
 46 1.096418815669e+06 4.583731817317e+03 768 7235 3201 15 26 28 237 64 64 64.0000 73  98 83.3333 1.1406 1.5312 1.3021 372 628 0.372 1000 output/particles/particles-00046 
 47 1.101034409702e+06 4.615594032649e+03 768 7235 3201 15 27 29 245 64 64 64.0000 74  95 83.3333 1.1562 1.4844 1.3021 374 626 0.374 1000 output/particles/particles-00047 
 48 1.105688671426e+06 4.654261723744e+03 768 7235 3201 15 27 29 245 64 64 64.0000 73  96 83.3333 1.1406 1.5000 1.3021 380 620 0.380 1000 output/particles/particles-00048 
 49 1.110388443307e+06 4.699771881868e+03 768 7235 3201 15 27 29 246 64 64 64.0000 73  95 83.3333 1.1406 1.4844 1.3021 383 617 0.383 1000 output/particles/particles-00049 
 50 1.115140634382e+06 4.752191074508e+03 768 7235 3201 15 27 29 245 64 64 64.0000 74  95 83.3333 1.1562 1.4844 1.3021 377 623 0.377 1000 output/particles/particles-00050 
 51 1.119952247604e+06 4.811613222339e+03 768 7235 3201 15 27 29 246 64 64 64.0000 71  95 83.3333 1.1094 1.4844 1.3021 379 621 0.379 1000 output/particles/particles-00051 
 52 1.124830407420e+06 4.878159816146e+03 768 7235 3201 15 27 29 246 64 64 64.0000 69  96 83.3333 1.0781 1.5000 1.3021 358 642 0.358 1000 output/particles/particles-00052 
 53 1.129782389386e+06 4.951981965591e+03 768 7235 3201 16 27 29 247 64 64 64.0000 69  97 83.3333 1.0781 1.5156 1.3021 383 617 0.383 1000 output/particles/particles-00053 
 54 1.134815652789e+06 5.033263403003e+03 768 7235 3201 16 25 27 230 64 64 64.0000 70  97 83.3333 1.0938 1.5156 1.3021 381 619 0.381 1000 output/particles/particles-00054 
 55 1.139937876113e+06 5.122223323963e+03 768 7235 3201 16 27 29 243 64 64 64.0000 65  97 83.3333 1.0156 1.5156 1.3021 402 598 0.402 1000 output/particles/particles-00055 
 56 1.145149207528e+06 5.211331415416e+03 768 7235 3201 16 27 29 243 64 64 64.0000 64  97 83.3333 1.0000 1.5156 1.3021 373 627 0.373 1000 output/particles/particles-00056 
 57 1.150309377107e+06 5.160169578613e+03 768 7235 3201 15 27 29 240 64 64 64.0000 66  99 83.3333 1.0312 1.5469 1.3021 364 636 0.364 1000 output/particles/particles-00057 
 58 1.155400481850e+06 5.091104743370e+03 768 7235 3201 15 27 29 239 64 64 64.0000 64 101 83.3333 1.0000 1.5781 1.3021 378 622 0.378 1000 output/particles/particles-00058 
 59 1.160444467245e+06 5.043985394969e+03 768 7235 3201 15 27 29 239 64 64 64.0000 65 100 83.3333 1.0156 1.5625 1.3021 389 611 0.389 1000 output/particles/particles-00059 
 60 1.165461281359e+06 5.016814113747e+03 768 7235 3201 15 27 29 238 64 64 64.0000 66  99 83.3333 1.0312 1.5469 1.3021 363 637 0.363 1000 output/particles/particles-00060 
 61 1.170469204079e+06 5.007922720198e+03 768 7235 3201 15 27 29 237 64 64 64.0000 65 100 83.3333 1.0156 1.5625 1.3021 388 612 0.388 1000 output/particles/particles-00061 
 62 1.175485117702e+06 5.015913622234e+03 768 7235 3201 15 27 29 234 64 64 64.0000 66 100 83.3333 1.0312 1.5625 1.3021 386 614 0.386 1000 output/particles/particles-00062 
 63 1.180524732214e+06 5.039614512567e+03 768 7235 3201 15 27 29 235 64 64 64.0000 68  97 83.3333 1.0625 1.5156 1.3021 388 612 0.388 1000 output/particles/particles-00063 
 64 1.185602769453e+06 5.078037239129e+03 768 7235 3201 15 27 29 236 64 64 64.0000 69  94 83.3333 1.0781 1.4688 1.3021 398 602 0.398 1000 output/particles/particles-00064 
 65 1.190733111902e+06 5.130342449126e+03 768 7235 3201 15 27 29 236 64 64 64.0000 69  94 83.3333 1.0781 1.4688 1.3021 391 609 0.391 1000 output/particles/particles-00065 
 66 1.195919246496e+06 5.186134593873e+03 768 7235 3201 15 27 29 234 64 64 64.0000 72  95 83.3333 1.1250 1.4844 1.3021 393 607 0.393 1000 output/particles/particles-00066 
 67 1.201173761708e+06 5.254515212144e+03 768 7235 3201 15 27 29 234 64 64 64.0000 70  93 83.3333 1.0938 1.4531 1.3021 402 598 0.402 1000 output/particles/particles-00067 
 68 1.206509014790e+06 5.335253081536e+03 768 7235 3201 15 28 30 245 64 64 64.0000 71  94 83.3333 1.1094 1.4688 1.3021 410 590 0.410 1000 output/particles/particles-00068 
 69 1.211936860030e+06 5.427845239939e+03 768 7235 3201 15 28 30 248 64 64 64.0000 72  95 83.3333 1.1250 1.4844 1.3021 398 602 0.398 1000 output/particles/particles-00069 
 70 1.217468690174e+06 5.531830144096e+03 768 7235 3201 14 28 30 252 64 64 64.0000 74  95 83.3333 1.1562 1.4844 1.3021 380 620 0.380 1000 output/particles/particles-00070 
 71 1.223115457675e+06 5.646767500802e+03 768 7235 3201 14 29 31 267 64 64 64.0000 74  96 83.3333 1.1562 1.5000 1.3021 388 612 0.388 1000 output/particles/particles-00071 
 72 1.228887681552e+06 5.772223877154e+03 768 7235 3201 14 29 31 271 64 64 64.0000 74  95 83.3333 1.1562 1.4844 1.3021 393 607 0.393 1000 output/particles/particles-00072 
 73 1.234795444512e+06 5.907762960099e+03 768 7235 3201 14 29 31 271 64 64 64.0000 74  95 83.3333 1.1562 1.4844 1.3021 391 609 0.391 1000 output/particles/particles-00073 
 74 1.240848386228e+06 6.052941716193e+03 768 7235 3201 14 30 32 282 64 64 64.0000 72  93 83.3333 1.1250 1.4531 1.3021 404 596 0.404 1000 output/particles/particles-00074 
 75 1.247055697113e+06 6.207310885118e+03 768 7235 3201 14 30 32 279 64 64 64.0000 71  93 83.3333 1.1094 1.4531 1.3021 398 602 0.398 1000 output/particles/particles-00075 
 76 1.253426120556e+06 6.370423442434e+03 768 7235 3201 14 30 32 277 64 64 64.0000 71  94 83.3333 1.1094 1.4688 1.3021 396 604 0.396 1000 output/particles/particles-00076 
 77 1.259967958835e+06 6.541838279680e+03 768 7235 3201 14 30 32 280 64 64 64.0000 70  93 83.3333 1.0938 1.4531 1.3021 408 592 0.408 1000 output/particles/particles-00077 
 78 1.266689079314e+06 6.721120479012e+03 768 7235 3201 14 30 32 279 64 64 64.0000 70  93 83.3333 1.0938 1.4531 1.3021 400 600 0.400 1000 output/particles/particles-00078 
 79 1.273596937042e+06 6.907857727065e+03 768 7235 3201 14 30 32 278 64 64 64.0000 71  94 83.3333 1.1094 1.4688 1.3021 417 583 0.417 1000 output/particles/particles-00079 
 80 1.280698609711e+06 7.101672669932e+03 768 7235 3201 14 30 32 276 64 64 64.0000 68  95 83.3333 1.0625 1.4844 1.3021 416 584 0.416 1000 output/particles/particles-00080 
 81 1.288000831858e+06 7.302222146198e+03 768 7235 3201 14 30 32 273 64 64 64.0000 68  95 83.3333 1.0625 1.4844 1.3021 402 598 0.402 1000 output/particles/particles-00081 
 82 1.295510048799e+06 7.509216941423e+03 768 7235 3201 14 30 32 274 64 64 64.0000 70  92 83.3333 1.0938 1.4375 1.3021 413 587 0.413 1000 output/particles/particles-00082 
 83 1.303232477324e+06 7.722428525047e+03 768 7235 3201 14 30 32 276 64 64 64.0000 69  93 83.3333 1.0781 1.4531 1.3021 397 603 0.397 1000 output/particles/particles-00083 
 84 1.311174176444e+06 7.941699119486e+03 768 7235 3201 14 30 32 275 64 64 64.0000 69  94 83.3333 1.0781 1.4688 1.3021 416 584 0.416 1000 output/particles/particles-00084 
 85 1.319341123827e+06 8.166947383563e+03 768 7235 3201 14 30 32 277 64 64 64.0000 68  95 83.3333 1.0625 1.4844 1.3021 415 585 0.415 1000 output/particles/particles-00085 
 86 1.327739297510e+06 8.398173682967e+03 768 7235 3201 14 30 32 277 64 64 64.0000 68  97 83.3333 1.0625 1.5156 1.3021 410 590 0.410 1000 output/particles/particles-00086 
 87 1.336374760593e+06 8.635463083210e+03 768 7235 3201 14 29 31 265 64 64 64.0000 71  97 83.3333 1.1094 1.5156 1.3021 401 599 0.401 1000 output/particles/particles-00087 
 88 1.345253745951e+06 8.878985357857e+03 768 7235 3201 14 29 31 257 64 64 64.0000 70  96 83.3333 1.0938 1.5000 1.3021 410 590 0.410 1000 output/particles/particles-00088 
 89 1.354376758867e+06 9.123012915597e+03 768 7235 3201 14 29 31 256 64 64 64.0000 70 100 83.3333 1.0938 1.5625 1.3021 403 597 0.403 1000 output/particles/particles-00089 
 90 1.363744960486e+06 9.368201618765e+03 768 7235 3201 14 29 31 253 64 64 64.0000 73  95 83.3333 1.1406 1.4844 1.3021 412 588 0.412 1000 output/particles/particles-00090 
 91 1.373364501299e+06 9.619540813505e+03 768 7235 3201 14 29 31 252 64 64 64.0000 73  96 83.3333 1.1406 1.5000 1.3021 413 587 0.413 1000 output/particles/particles-00091 
 92 1.383241951295e+06 9.877449996203e+03 768 7235 3201 14 28 30 244 64 64 64.0000 74  95 83.3333 1.1562 1.4844 1.3021 409 591 0.409 1000 output/particles/particles-00092 
 93 1.393384345413e+06 1.014239411818e+04 768 7235 3201 14 29 31 252 64 64 64.0000 74  95 83.3333 1.1562 1.4844 1.3021 409 591 0.409 1000 output/particles/particles-00093 
 94 1.403799221865e+06 1.041487645125e+04 768 7235 3201 14 28 30 247 64 64 64.0000 73  96 83.3333 1.1406 1.5000 1.3021 412 588 0.412 1000 output/particles/particles-00094 
 95 1.414494649824e+06 1.069542795930e+04 768 7235 3201 14 28 30 248 64 64 64.0000 75  93 83.3333 1.1719 1.4531 1.3021 405 595 0.405 1000 output/particles/particles-00095 
 96 1.425479250437e+06 1.098460061313e+04 768 7235 3201 14 28 30 250 64 64 64.0000 74  94 83.3333 1.1562 1.4688 1.3021 413 587 0.413 1000 output/particles/particles-00096 
 97 1.436762206821e+06 1.128295638420e+04 768 7235 3201 14 27 29 241 64 64 64.0000 74  92 83.3333 1.1562 1.4375 1.3021 407 593 0.407 1000 output/particles/particles-00097 
 98 1.448345213333e+06 1.158300651138e+04 768 7235 3201 14 27 29 241 64 64 64.0000 75  93 83.3333 1.1719 1.4531 1.3021 403 597 0.403 1000 output/particles/particles-00098 
 99 1.460230634007e+06 1.188542067413e+04 768 7235 3201 14 27 29 240 64 64 64.0000 74  92 83.3333 1.1562 1.4375 1.3021 420 580 0.420 1000 output/particles/particles-00099 
100 1.472427906140e+06 1.219727213295e+04 768 7235 3201 14 28 30 247 64 64 64.0000 70  91 83.3333 1.0938 1.4219 1.3021 411 589 0.411 1000 output/particles/particles-00100 
101 1.484946880451e+06 1.251897431105e+04 768 7235 3201 14 28 30 247 64 64 64.0000 69  93 83.3333 1.0781 1.4531 1.3021 403 597 0.403 1000 output/particles/particles-00101 
102 1.497797783212e+06 1.285090276111e+04 768 7235 3201 13 28 30 250 64 64 64.0000 70  96 83.3333 1.0938 1.5000 1.3021 397 603 0.397 1000 output/particles/particles-00102 
103 1.500000000000e+06 2.202216788034e+03 768 7235 3201 11 22 24 199 64 64 64.0000 70  96 83.3333 1.0938 1.5000 1.3021 507 493 0.507 1000 output/particles/particles-00103 
