# 1: Time step number
# 2: Time (years)
# 3: Time step size (years)
# 4: Number of mesh cells
# 5: Number of Stokes degrees of freedom
# 6: Number of temperature degrees of freedom
# 7: Iterations for temperature solver
# 8: Iterations for Stokes solver
# 9: Velocity iterations in Stokes preconditioner
# 10: Schur complement iterations in Stokes preconditioner
# 11: Minimal cells per process
# 12: Maximal cells per process
# 13: Average cells per process
# 14: Minimal particles per process
# 15: Maximal particles per process
# 16: Average particles per process
# 17: Minimal local particle to cell ratio
# 18: Maximal local particle to cell ratio
# 19: Average local particle to cell ratio
# 20: Cache hits
# 21: Cache misses
# 22: Cache hit rate
# 23: Number of advected particles
# 24: Particle file name
  0 0.000000000000e+00 0.000000000000e+00 3072 28291 12545  0 38 40 245 256 256 256.0000 83  84 83.3333 0.3242 0.3281 0.3255  14 986 0.014 1000 output/particles/particles-00000 
  1 1.000000000000e+05 1.000000000000e+05 3072 28291 12545 20 38 40 252 256 256 256.0000 83  84 83.3333 0.3242 0.3281 0.3255 263 737 0.263 1000 output/particles/particles-00001 
  2 2.000000000000e+05 1.000000000000e+05 3072 28291 12545 16 39 41 254 256 256 256.0000 83  84 83.3333 0.3242 0.3281 0.3255  90 910 0.090 1000 output/particles/particles-00002 
  3 3.000000000000e+05 1.000000000000e+05 3072 28291 12545 16 40 42 254 256 256 256.0000 82  85 83.3333 0.3203 0.3320 0.3255  47 953 0.047 1000 output/particles/particles-00003 
  4 4.000000000000e+05 1.000000000000e+05 3072 28291 12545 16 40 42 252 256 256 256.0000 81  85 83.3333 0.3164 0.3320 0.3255  29 971 0.029 1000 output/particles/particles-00004 
  5 5.000000000000e+05 1.000000000000e+05 3072 28291 12545 17 41 43 258 256 256 256.0000 80  86 83.3333 0.3125 0.3359 0.3255  24 976 0.024 1000 output/particles/particles-00005 
  6 5.625604569447e+05 6.256045694469e+04 3072 28291 12545 15 40 42 252 256 256 256.0000 79  88 83.3333 0.3086 0.3438 0.3255  33 967 0.033 1000 output/particles/particles-00006 
  7 5.993563814526e+05 3.679592450794e+04 3072 28291 12545 12 39 41 246 256 256 256.0000 76  89 83.3333 0.2969 0.3477 0.3255  35 965 0.035 1000 output/particles/particles-00007 
  8 6.253407645406e+05 2.598438308795e+04 3072 28291 12545 11 38 40 240 256 256 256.0000 75  89 83.3333 0.2930 0.3477 0.3255  41 959 0.041 1000 output/particles/particles-00008 
  9 6.453613559336e+05 2.002059139304e+04 3072 28291 12545 12 37 39 234 256 256 256.0000 74  89 83.3333 0.2891 0.3477 0.3255  43 957 0.043 1000 output/particles/particles-00009 
 10 6.616330167574e+05 1.627166082382e+04 3072 28291 12545 12 36 38 228 256 256 256.0000 73  90 83.3333 0.2852 0.3516 0.3255  58 942 0.058 1000 output/particles/particles-00010 
 11 6.753474514127e+05 1.371443465527e+04 3072 28291 12545 12 35 37 222 256 256 256.0000 71  90 83.3333 0.2773 0.3516 0.3255  56 944 0.056 1000 output/particles/particles-00011 
 12 6.872015291086e+05 1.185407769584e+04 3072 28291 12545 12 35 37 223 256 256 256.0000 74  91 83.3333 0.2891 0.3555 0.3255  56 944 0.056 1000 output/particles/particles-00012 
 13 6.976480705626e+05 1.044654145403e+04 3072 28291 12545 12 34 36 217 256 256 256.0000 74  91 83.3333 0.2891 0.3555 0.3255  57 943 0.057 1000 output/particles/particles-00013 
 14 7.069944810548e+05 9.346410492249e+03 3072 28291 12545 12 34 36 217 256 256 256.0000 76  91 83.3333 0.2969 0.3555 0.3255  52 948 0.052 1000 output/particles/particles-00014 
 15 7.154559080038e+05 8.461426948964e+03 3072 28291 12545 13 33 35 212 256 256 256.0000 75  90 83.3333 0.2930 0.3516 0.3255  57 943 0.057 1000 output/particles/particles-00015 
 16 7.231889378678e+05 7.733029864043e+03 3072 28291 12545 13 33 35 213 256 256 256.0000 74  90 83.3333 0.2891 0.3516 0.3255  56 944 0.056 1000 output/particles/particles-00016 
 17 7.303146415397e+05 7.125703671870e+03 3072 28291 12545 13 33 35 213 256 256 256.0000 75  91 83.3333 0.2930 0.3555 0.3255  68 932 0.068 1000 output/particles/particles-00017 
 18 7.369264533137e+05 6.611811774029e+03 3072 28291 12545 13 33 35 216 256 256 256.0000 75  92 83.3333 0.2930 0.3594 0.3255  67 933 0.067 1000 output/particles/particles-00018 
 19 7.430980200847e+05 6.171566770946e+03 3072 28291 12545 13 32 34 212 256 256 256.0000 76  92 83.3333 0.2969 0.3594 0.3255  61 939 0.061 1000 output/particles/particles-00019 
 20 7.488678277868e+05 5.769807702072e+03 3072 28291 12545 13 32 34 218 256 256 256.0000 78  92 83.3333 0.3047 0.3594 0.3255  60 940 0.060 1000 output/particles/particles-00020 
 21 7.542771133519e+05 5.409285565153e+03 3072 28291 12545 13 32 34 221 256 256 256.0000 78  92 83.3333 0.3047 0.3594 0.3255  62 938 0.062 1000 output/particles/particles-00021 
 22 7.593712383056e+05 5.094124953651e+03 3072 28291 12545 13 32 34 221 256 256 256.0000 74  93 83.3333 0.2891 0.3633 0.3255  57 943 0.057 1000 output/particles/particles-00022 
 23 7.641878770901e+05 4.816638784525e+03 3072 28291 12545 13 31 33 217 256 256 256.0000 74  94 83.3333 0.2891 0.3672 0.3255  52 948 0.052 1000 output/particles/particles-00023 
 24 7.687586558845e+05 4.570778794394e+03 3072 28291 12545 13 31 33 222 256 256 256.0000 74  94 83.3333 0.2891 0.3672 0.3255  44 956 0.044 1000 output/particles/particles-00024 
 25 7.731098499618e+05 4.351194077352e+03 3072 28291 12545 13 31 33 225 256 256 256.0000 75  92 83.3333 0.2930 0.3594 0.3255  60 940 0.060 1000 output/particles/particles-00025 
 26 7.772617118606e+05 4.151861898808e+03 3072 28291 12545 13 30 32 223 256 256 256.0000 74  92 83.3333 0.2891 0.3594 0.3255  48 952 0.048 1000 output/particles/particles-00026 
 27 7.812344361486e+05 3.972724287907e+03 3072 28291 12545 13 30 32 223 256 256 256.0000 71  93 83.3333 0.2773 0.3633 0.3255  72 928 0.072 1000 output/particles/particles-00027 
 28 7.850455100561e+05 3.811073907586e+03 3072 28291 12545 13 30 32 224 256 256 256.0000 69  94 83.3333 0.2695 0.3672 0.3255  68 932 0.068 1000 output/particles/particles-00028 
 29 7.887101700044e+05 3.664659948232e+03 3072 28291 12545 13 30 32 224 256 256 256.0000 67  94 83.3333 0.2617 0.3672 0.3255  55 945 0.055 1000 output/particles/particles-00029 
 30 7.922417656629e+05 3.531595658539e+03 3072 28291 12545 13 30 32 224 256 256 256.0000 69  92 83.3333 0.2695 0.3594 0.3255  52 948 0.052 1000 output/particles/particles-00030 
 31 7.956520533146e+05 3.410287651726e+03 3072 28291 12545 13 29 31 217 256 256 256.0000 69  93 83.3333 0.2695 0.3633 0.3255  54 946 0.054 1000 output/particles/particles-00031 
 32 7.989512446972e+05 3.299191382587e+03 3072 28291 12545 13 29 31 217 256 256 256.0000 72  94 83.3333 0.2812 0.3672 0.3255  51 949 0.051 1000 output/particles/particles-00032 
 33 8.021468164649e+05 3.195571767700e+03 3072 28291 12545 13 29 31 217 256 256 256.0000 73  94 83.3333 0.2852 0.3672 0.3255  52 948 0.052 1000 output/particles/particles-00033 
 34 8.052472790901e+05 3.100462625228e+03 3072 28291 12545 13 29 31 217 256 256 256.0000 72  96 83.3333 0.2812 0.3750 0.3255  62 938 0.062 1000 output/particles/particles-00034 
 35 8.082602465174e+05 3.012967427222e+03 3072 28291 12545 13 28 30 211 256 256 256.0000 71  97 83.3333 0.2773 0.3789 0.3255  64 936 0.064 1000 output/particles/particles-00035 
 36 8.111925547144e+05 2.932308196982e+03 3072 28291 12545 13 28 30 211 256 256 256.0000 67  98 83.3333 0.2617 0.3828 0.3255  58 942 0.058 1000 output/particles/particles-00036 
 37 8.140503616543e+05 2.857806939954e+03 3072 28291 12545 13 28 30 211 256 256 256.0000 68  99 83.3333 0.2656 0.3867 0.3255  48 952 0.048 1000 output/particles/particles-00037 
 38 8.168392322062e+05 2.788870551915e+03 3072 28291 12545 13 28 30 211 256 256 256.0000 67 101 83.3333 0.2617 0.3945 0.3255  42 958 0.042 1000 output/particles/particles-00038 
 39 8.195642105980e+05 2.724978391755e+03 3072 28291 12545 13 28 30 211 256 256 256.0000 64 101 83.3333 0.2500 0.3945 0.3255  59 941 0.059 1000 output/particles/particles-00039 
 40 8.222298826129e+05 2.665672014909e+03 3072 28291 12545 13 27 29 204 256 256 256.0000 67 101 83.3333 0.2617 0.3945 0.3255  54 946 0.054 1000 output/particles/particles-00040 
 41 8.248403261863e+05 2.610443573438e+03 3072 28291 12545 13 27 29 204 256 256 256.0000 67 101 83.3333 0.2617 0.3945 0.3255  46 954 0.046 1000 output/particles/particles-00041 
 42 8.273984896929e+05 2.558163506615e+03 3072 28291 12545 13 27 29 204 256 256 256.0000 67 102 83.3333 0.2617 0.3984 0.3255  51 949 0.051 1000 output/particles/particles-00042 
 43 8.299079985795e+05 2.509508886579e+03 3072 28291 12545 13 27 29 203 256 256 256.0000 67 101 83.3333 0.2617 0.3945 0.3255  48 952 0.048 1000 output/particles/particles-00043 
 44 8.323721802810e+05 2.464181701438e+03 3072 28291 12545 13 27 29 203 256 256 256.0000 66 102 83.3333 0.2578 0.3984 0.3255  60 940 0.060 1000 output/particles/particles-00044 
 45 8.347940967800e+05 2.421916499056e+03 3072 28291 12545 13 27 29 203 256 256 256.0000 66 101 83.3333 0.2578 0.3945 0.3255  56 944 0.056 1000 output/particles/particles-00045 
 46 8.371765731657e+05 2.382476385728e+03 3072 28291 12545 13 27 29 203 256 256 256.0000 65 101 83.3333 0.2539 0.3945 0.3255  61 939 0.061 1000 output/particles/particles-00046 
 47 8.395222227449e+05 2.345649579116e+03 3072 28291 12545 13 27 29 203 256 256 256.0000 67 101 83.3333 0.2617 0.3945 0.3255  50 950 0.050 1000 output/particles/particles-00047 
 48 8.418334691682e+05 2.311246423379e+03 3072 28291 12545 13 27 29 203 256 256 256.0000 67 102 83.3333 0.2617 0.3984 0.3255  57 943 0.057 1000 output/particles/particles-00048 
 49 8.441125659624e+05 2.279096794202e+03 3072 28291 12545 13 27 29 203 256 256 256.0000 66 102 83.3333 0.2578 0.3984 0.3255  52 948 0.052 1000 output/particles/particles-00049 
 50 8.463616137983e+05 2.249047835901e+03 3072 28291 12545 13 27 29 203 256 256 256.0000 66 101 83.3333 0.2578 0.3945 0.3255  50 950 0.050 1000 output/particles/particles-00050 
 51 8.485825757821e+05 2.220961983738e+03 3072 28291 12545 13 27 29 203 256 256 256.0000 66 100 83.3333 0.2578 0.3906 0.3255  57 943 0.057 1000 output/particles/particles-00051 
 52 8.507772910149e+05 2.194715232844e+03 3072 28291 12545 13 27 29 203 256 256 256.0000 67 100 83.3333 0.2617 0.3906 0.3255  58 942 0.058 1000 output/particles/particles-00052 
 53 8.529474866364e+05 2.170195621517e+03 3072 28291 12545 13 27 29 203 256 256 256.0000 67 101 83.3333 0.2617 0.3945 0.3255  51 949 0.051 1000 output/particles/particles-00053 
 54 8.550947885381e+05 2.147301901621e+03 3072 28291 12545 13 27 29 203 256 256 256.0000 66  98 83.3333 0.2578 0.3828 0.3255  61 939 0.061 1000 output/particles/particles-00054 
 55 8.572207309106e+05 2.125942372570e+03 3072 28291 12545 13 27 29 203 256 256 256.0000 65 100 83.3333 0.2539 0.3906 0.3255  51 949 0.051 1000 output/particles/particles-00055 
 56 8.593267647691e+05 2.106033858510e+03 3072 28291 12545 13 27 29 203 256 256 256.0000 67  99 83.3333 0.2617 0.3867 0.3255  67 933 0.067 1000 output/particles/particles-00056 
 57 8.614141639168e+05 2.087399147662e+03 3072 28291 12545 13 27 29 203 256 256 256.0000 68  98 83.3333 0.2656 0.3828 0.3255  46 954 0.046 1000 output/particles/particles-00057 
 58 8.634840427724e+05 2.069878855629e+03 3072 28291 12545 13 26 28 196 256 256 256.0000 69  97 83.3333 0.2695 0.3789 0.3255  52 948 0.052 1000 output/particles/particles-00058 
 59 8.655376689233e+05 2.053626150834e+03 3072 28291 12545 13 26 28 196 256 256 256.0000 72  96 83.3333 0.2812 0.3750 0.3255  56 944 0.056 1000 output/particles/particles-00059 
 60 8.675762500242e+05 2.038581100893e+03 3072 28291 12545 13 26 28 196 256 256 256.0000 72  97 83.3333 0.2812 0.3789 0.3255  47 953 0.047 1000 output/particles/particles-00060 
 61 8.696009391271e+05 2.024689102956e+03 3072 28291 12545 13 26 28 196 256 256 256.0000 72  99 83.3333 0.2812 0.3867 0.3255  61 939 0.061 1000 output/particles/particles-00061 
 62 8.716128395220e+05 2.011900394922e+03 3072 28291 12545 13 26 28 196 256 256 256.0000 71 100 83.3333 0.2773 0.3906 0.3255  56 944 0.056 1000 output/particles/particles-00062 
 63 8.736130091149e+05 2.000169592905e+03 3072 28291 12545 13 26 28 196 256 256 256.0000 69 101 83.3333 0.2695 0.3945 0.3255  55 945 0.055 1000 output/particles/particles-00063 
 64 8.756024644040e+05 1.989455289035e+03 3072 28291 12545 13 26 28 196 256 256 256.0000 69 101 83.3333 0.2695 0.3945 0.3255  55 945 0.055 1000 output/particles/particles-00064 
 65 8.775821840998e+05 1.979719695792e+03 3072 28291 12545 13 26 28 196 256 256 256.0000 68  99 83.3333 0.2656 0.3867 0.3255  57 943 0.057 1000 output/particles/particles-00065 
 66 8.795531124307e+05 1.970928330897e+03 3072 28291 12545 13 26 28 196 256 256 256.0000 69  97 83.3333 0.2695 0.3789 0.3255  60 940 0.060 1000 output/particles/particles-00066 
 67 8.815161621682e+05 1.963049737573e+03 3072 28291 12545 13 26 28 196 256 256 256.0000 69  98 83.3333 0.2695 0.3828 0.3255  60 940 0.060 1000 output/particles/particles-00067 
 68 8.834722174040e+05 1.956055235782e+03 3072 28291 12545 13 26 28 196 256 256 256.0000 68  98 83.3333 0.2656 0.3828 0.3255  55 945 0.055 1000 output/particles/particles-00068 
 69 8.854221361046e+05 1.949918700575e+03 3072 28291 12545 13 25 27 189 256 256 256.0000 65  99 83.3333 0.2539 0.3867 0.3255  46 954 0.046 1000 output/particles/particles-00069 
 70 8.873667524532e+05 1.944616348616e+03 3072 28291 12545 13 25 27 189 256 256 256.0000 67  99 83.3333 0.2617 0.3867 0.3255  64 936 0.064 1000 output/particles/particles-00070 
 71 8.893068790752e+05 1.940126621989e+03 3072 28291 12545 13 25 27 189 256 256 256.0000 69  99 83.3333 0.2695 0.3867 0.3255  63 937 0.063 1000 output/particles/particles-00071 
 72 8.912433090146e+05 1.936429939361e+03 3072 28291 12545 13 25 27 189 256 256 256.0000 67 102 83.3333 0.2617 0.3984 0.3255  47 953 0.047 1000 output/particles/particles-00072 
 73 8.931768176272e+05 1.933508612611e+03 3072 28291 12545 13 25 27 189 256 256 256.0000 67 101 83.3333 0.2617 0.3945 0.3255  52 948 0.052 1000 output/particles/particles-00073 
 74 8.951081643314e+05 1.931346704259e+03 3072 28291 12545 13 25 27 190 256 256 256.0000 67 101 83.3333 0.2617 0.3945 0.3255  61 939 0.061 1000 output/particles/particles-00074 
 75 8.970380942436e+05 1.929929912136e+03 3072 28291 12545 13 25 27 190 256 256 256.0000 67 100 83.3333 0.2617 0.3906 0.3255  55 945 0.055 1000 output/particles/particles-00075 
 76 8.989673397089e+05 1.929245465373e+03 3072 28291 12545 13 25 27 190 256 256 256.0000 66 101 83.3333 0.2578 0.3945 0.3255  45 955 0.045 1000 output/particles/particles-00076 
 77 9.008966217391e+05 1.929282030132e+03 3072 28291 12545 13 25 27 190 256 256 256.0000 66 100 83.3333 0.2578 0.3906 0.3255  61 939 0.061 1000 output/particles/particles-00077 
 78 9.028264987707e+05 1.929877031587e+03 3072 28291 12545 13 25 27 191 256 256 256.0000 67 100 83.3333 0.2617 0.3906 0.3255  51 949 0.051 1000 output/particles/particles-00078 
 79 9.047574321677e+05 1.930933397012e+03 3072 28291 12545 13 25 27 191 256 256 256.0000 68 100 83.3333 0.2656 0.3906 0.3255  51 949 0.051 1000 output/particles/particles-00079 
 80 9.066900930547e+05 1.932660887068e+03 3072 28291 12545 13 25 27 191 256 256 256.0000 67 100 83.3333 0.2617 0.3906 0.3255  63 937 0.063 1000 output/particles/particles-00080 
 81 9.086251446535e+05 1.935051598767e+03 3072 28291 12545 13 25 27 191 256 256 256.0000 67 101 83.3333 0.2617 0.3945 0.3255  69 931 0.069 1000 output/particles/particles-00081 
 82 9.105632433033e+05 1.938098649815e+03 3072 28291 12545 13 25 27 192 256 256 256.0000 68 101 83.3333 0.2656 0.3945 0.3255  54 946 0.054 1000 output/particles/particles-00082 
 83 9.125050394301e+05 1.941796126799e+03 3072 28291 12545 13 25 27 194 256 256 256.0000 70 100 83.3333 0.2734 0.3906 0.3255  55 945 0.055 1000 output/particles/particles-00083 
 84 9.144511784684e+05 1.946139038316e+03 3072 28291 12545 13 25 27 194 256 256 256.0000 70  99 83.3333 0.2734 0.3867 0.3255  57 943 0.057 1000 output/particles/particles-00084 
 85 9.164023017407e+05 1.951123272221e+03 3072 28291 12545 13 25 27 194 256 256 256.0000 69  99 83.3333 0.2695 0.3867 0.3255  57 943 0.057 1000 output/particles/particles-00085 
 86 9.183590472974e+05 1.956745556796e+03 3072 28291 12545 13 25 27 195 256 256 256.0000 69  98 83.3333 0.2695 0.3828 0.3255  58 942 0.058 1000 output/particles/particles-00086 
 87 9.203220507234e+05 1.963003425908e+03 3072 28291 12545 13 25 27 194 256 256 256.0000 70  98 83.3333 0.2734 0.3828 0.3255  58 942 0.058 1000 output/particles/particles-00087 
 88 9.222919459073e+05 1.969895183968e+03 3072 28291 12545 13 25 27 194 256 256 256.0000 72  98 83.3333 0.2812 0.3828 0.3255  57 943 0.057 1000 output/particles/particles-00088 
 89 9.242693658056e+05 1.977419898272e+03 3072 28291 12545 13 25 27 194 256 256 256.0000 71  99 83.3333 0.2773 0.3867 0.3255  51 949 0.051 1000 output/particles/particles-00089 
 90 9.262549431555e+05 1.985577349906e+03 3072 28291 12545 13 25 27 194 256 256 256.0000 72  98 83.3333 0.2812 0.3828 0.3255  49 951 0.049 1000 output/particles/particles-00090 
 91 9.282493111902e+05 1.994368034745e+03 3072 28291 12545 13 25 27 195 256 256 256.0000 73  97 83.3333 0.2852 0.3789 0.3255  51 949 0.051 1000 output/particles/particles-00091 
 92 9.302531043308e+05 2.003793140595e+03 3072 28291 12545 13 25 27 194 256 256 256.0000 72  98 83.3333 0.2812 0.3828 0.3255  53 947 0.053 1000 output/particles/particles-00092 
 93 9.322669588702e+05 2.013854539381e+03 3072 28291 12545 13 25 27 194 256 256 256.0000 72  98 83.3333 0.2812 0.3828 0.3255  53 947 0.053 1000 output/particles/particles-00093 
 94 9.342914895314e+05 2.024530661209e+03 3072 28291 12545 13 25 27 193 256 256 256.0000 70  98 83.3333 0.2734 0.3828 0.3255  55 945 0.055 1000 output/particles/particles-00094 
 95 9.363272808171e+05 2.035791285705e+03 3072 28291 12545 13 25 27 193 256 256 256.0000 71  99 83.3333 0.2773 0.3867 0.3255  64 936 0.064 1000 output/particles/particles-00095 
 96 9.383749838645e+05 2.047703047380e+03 3072 28291 12545 13 25 27 194 256 256 256.0000 73  97 83.3333 0.2852 0.3789 0.3255  59 941 0.059 1000 output/particles/particles-00096 
 97 9.404352545719e+05 2.060270707348e+03 3072 28291 12545 13 25 27 193 256 256 256.0000 75  98 83.3333 0.2930 0.3828 0.3255  53 947 0.053 1000 output/particles/particles-00097 
 98 9.425087542742e+05 2.073499702351e+03 3072 28291 12545 13 25 27 191 256 256 256.0000 73 100 83.3333 0.2852 0.3906 0.3255  53 947 0.053 1000 output/particles/particles-00098 
 99 9.445961504114e+05 2.087396137201e+03 3072 28291 12545 13 25 27 191 256 256 256.0000 72  98 83.3333 0.2812 0.3828 0.3255  68 932 0.068 1000 output/particles/particles-00099 
100 9.466981172025e+05 2.101966791072e+03 3072 28291 12545 13 25 27 190 256 256 256.0000 71  97 83.3333 0.2773 0.3789 0.3255  59 941 0.059 1000 output/particles/particles-00100 
101 9.488153363300e+05 2.117219127470e+03 3072 28291 12545 13 25 27 190 256 256 256.0000 70  97 83.3333 0.2734 0.3789 0.3255  61 939 0.061 1000 output/particles/particles-00101 
102 9.509484976393e+05 2.133161309386e+03 3072 28291 12545 13 25 27 190 256 256 256.0000 70  97 83.3333 0.2734 0.3789 0.3255  61 939 0.061 1000 output/particles/particles-00102 
103 9.530982998467e+05 2.149802207313e+03 3072 28291 12545 13 25 27 190 256 256 256.0000 70  96 83.3333 0.2734 0.3750 0.3255  59 941 0.059 1000 output/particles/particles-00103 
104 9.552654512640e+05 2.167151417356e+03 3072 28291 12545 13 25 27 190 256 256 256.0000 70  95 83.3333 0.2734 0.3711 0.3255  71 929 0.071 1000 output/particles/particles-00104 
105 9.574506705341e+05 2.185219270088e+03 3072 28291 12545 13 25 27 191 256 256 256.0000 71  95 83.3333 0.2773 0.3711 0.3255  73 927 0.073 1000 output/particles/particles-00105 
106 9.596546873721e+05 2.204016838031e+03 3072 28291 12545 13 25 27 193 256 256 256.0000 72  94 83.3333 0.2812 0.3672 0.3255  52 948 0.052 1000 output/particles/particles-00106 
107 9.618782433177e+05 2.223555945532e+03 3072 28291 12545 13 25 27 193 256 256 256.0000 70  95 83.3333 0.2734 0.3711 0.3255  61 939 0.061 1000 output/particles/particles-00107 
108 9.641220924934e+05 2.243849175734e+03 3072 28291 12545 13 25 27 194 256 256 256.0000 69  95 83.3333 0.2695 0.3711 0.3255  60 940 0.060 1000 output/particles/particles-00108 
109 9.663870023755e+05 2.264909882134e+03 3072 28291 12545 13 25 27 194 256 256 256.0000 69  94 83.3333 0.2695 0.3672 0.3255  62 938 0.062 1000 output/particles/particles-00109 
110 9.686737545796e+05 2.286752204073e+03 3072 28291 12545 13 25 27 195 256 256 256.0000 70  94 83.3333 0.2734 0.3672 0.3255  81 919 0.081 1000 output/particles/particles-00110 
111 9.709831456679e+05 2.309391088269e+03 3072 28291 12545 13 25 27 194 256 256 256.0000 69  97 83.3333 0.2695 0.3789 0.3255  74 926 0.074 1000 output/particles/particles-00111 
112 9.733159879846e+05 2.332842316713e+03 3072 28291 12545 13 25 27 191 256 256 256.0000 68  97 83.3333 0.2656 0.3789 0.3255  82 918 0.082 1000 output/particles/particles-00112 
113 9.756731105234e+05 2.357122538841e+03 3072 28291 12545 13 25 27 193 256 256 256.0000 68  96 83.3333 0.2656 0.3750 0.3255  77 923 0.077 1000 output/particles/particles-00113 
114 9.780553598365e+05 2.382249313060e+03 3072 28291 12545 13 25 27 193 256 256 256.0000 69  94 83.3333 0.2695 0.3672 0.3255  78 922 0.078 1000 output/particles/particles-00114 
115 9.804636009650e+05 2.408241128511e+03 3072 28291 12545 13 25 27 192 256 256 256.0000 72  95 83.3333 0.2812 0.3711 0.3255  90 910 0.090 1000 output/particles/particles-00115 
116 9.828985920913e+05 2.434991126339e+03 3072 28291 12545 13 25 27 193 256 256 256.0000 72  96 83.3333 0.2812 0.3750 0.3255  93 907 0.093 1000 output/particles/particles-00116 
117 9.853612164153e+05 2.462624323935e+03 3072 28291 12545 13 25 27 192 256 256 256.0000 72  95 83.3333 0.2812 0.3711 0.3255  85 915 0.085 1000 output/particles/particles-00117 
118 9.878523812308e+05 2.491164815564e+03 3072 28291 12545 14 25 27 190 256 256 256.0000 73  94 83.3333 0.2852 0.3672 0.3255  64 936 0.064 1000 output/particles/particles-00118 
119 9.903730151865e+05 2.520633955687e+03 3072 28291 12545 14 25 27 190 256 256 256.0000 72  95 83.3333 0.2812 0.3711 0.3255  83 917 0.083 1000 output/particles/particles-00119 
120 9.929240692756e+05 2.551054089082e+03 3072 28291 12545 14 25 27 190 256 256 256.0000 70  97 83.3333 0.2734 0.3789 0.3255  64 936 0.064 1000 output/particles/particles-00120 
121 9.955065178384e+05 2.582448562832e+03 3072 28291 12545 14 25 27 190 256 256 256.0000 70  96 83.3333 0.2734 0.3750 0.3255  82 918 0.082 1000 output/particles/particles-00121 
122 9.981213595767e+05 2.614841738260e+03 3072 28291 12545 14 25 27 189 256 256 256.0000 67  98 83.3333 0.2617 0.3828 0.3255  70 930 0.070 1000 output/particles/particles-00122 
123 1.000742179217e+06 2.620819640069e+03 3072 28291 12545 14 26 28 196 256 256 256.0000 68  95 83.3333 0.2656 0.3711 0.3255  81 919 0.081 1000 output/particles/particles-00123 
124 1.003332121792e+06 2.589942575308e+03 3072 28291 12545 14 26 28 196 256 256 256.0000 67  96 83.3333 0.2617 0.3750 0.3255  82 918 0.082 1000 output/particles/particles-00124 
125 1.005895697379e+06 2.563575586900e+03 3072 28291 12545 14 26 28 197 256 256 256.0000 66  94 83.3333 0.2578 0.3672 0.3255  84 916 0.084 1000 output/particles/particles-00125 
126 1.008437133667e+06 2.541436287877e+03 3072 28291 12545 13 26 28 197 256 256 256.0000 64  95 83.3333 0.2500 0.3711 0.3255  76 924 0.076 1000 output/particles/particles-00126 
127 1.010960407586e+06 2.523273919446e+03 3072 28291 12545 13 26 28 197 256 256 256.0000 64  95 83.3333 0.2500 0.3711 0.3255  66 934 0.066 1000 output/particles/particles-00127 
128 1.013469271962e+06 2.508864375594e+03 3072 28291 12545 13 26 28 197 256 256 256.0000 64  96 83.3333 0.2500 0.3750 0.3255  78 922 0.078 1000 output/particles/particles-00128 
129 1.015967278302e+06 2.498006340163e+03 3072 28291 12545 13 26 28 198 256 256 256.0000 62  96 83.3333 0.2422 0.3750 0.3255  78 922 0.078 1000 output/particles/particles-00129 
130 1.018457796478e+06 2.490518176196e+03 3072 28291 12545 13 26 28 199 256 256 256.0000 62  96 83.3333 0.2422 0.3750 0.3255  82 918 0.082 1000 output/particles/particles-00130 
131 1.020944031864e+06 2.486235385581e+03 3072 28291 12545 13 26 28 200 256 256 256.0000 65  98 83.3333 0.2539 0.3828 0.3255  80 920 0.080 1000 output/particles/particles-00131 
132 1.023426940446e+06 2.482908582234e+03 3072 28291 12545 13 26 28 202 256 256 256.0000 65 100 83.3333 0.2539 0.3906 0.3255  77 923 0.077 1000 output/particles/particles-00132 
133 1.025909345816e+06 2.482405369511e+03 3072 28291 12545 13 26 28 203 256 256 256.0000 64 102 83.3333 0.2500 0.3984 0.3255  78 922 0.078 1000 output/particles/particles-00133 
134 1.028394048161e+06 2.484702345459e+03 3072 28291 12545 13 26 28 205 256 256 256.0000 63 101 83.3333 0.2461 0.3945 0.3255  75 925 0.075 1000 output/particles/particles-00134 
135 1.030883731335e+06 2.489683174401e+03 3072 28291 12545 13 26 28 205 256 256 256.0000 65  99 83.3333 0.2539 0.3867 0.3255  78 922 0.078 1000 output/particles/particles-00135 
136 1.033380971936e+06 2.497240601039e+03 3072 28291 12545 13 26 28 208 256 256 256.0000 66  98 83.3333 0.2578 0.3828 0.3255  84 916 0.084 1000 output/particles/particles-00136 
137 1.035888247188e+06 2.507275251208e+03 3072 28291 12545 13 26 28 210 256 256 256.0000 65 100 83.3333 0.2539 0.3906 0.3255  87 913 0.087 1000 output/particles/particles-00137 
138 1.038407941663e+06 2.519694475154e+03 3072 28291 12545 13 26 28 212 256 256 256.0000 65  99 83.3333 0.2539 0.3867 0.3255  92 908 0.092 1000 output/particles/particles-00138 
139 1.040942170122e+06 2.534228458890e+03 3072 28291 12545 13 26 28 214 256 256 256.0000 66 100 83.3333 0.2578 0.3906 0.3255  78 922 0.078 1000 output/particles/particles-00139 
140 1.043491187033e+06 2.549016911425e+03 3072 28291 12545 13 26 28 215 256 256 256.0000 66  98 83.3333 0.2578 0.3828 0.3255  71 929 0.071 1000 output/particles/particles-00140 
141 1.046057165811e+06 2.565978777441e+03 3072 28291 12545 13 26 28 216 256 256 256.0000 65  98 83.3333 0.2539 0.3828 0.3255  82 918 0.082 1000 output/particles/particles-00141 
142 1.048642205043e+06 2.585039232100e+03 3072 28291 12545 13 26 28 217 256 256 256.0000 66  98 83.3333 0.2578 0.3828 0.3255  84 916 0.084 1000 output/particles/particles-00142 
143 1.051248331245e+06 2.606126201942e+03 3072 28291 12545 13 26 28 217 256 256 256.0000 67  98 83.3333 0.2617 0.3828 0.3255  75 925 0.075 1000 output/particles/particles-00143 
144 1.053877500842e+06 2.629169597835e+03 3072 28291 12545 13 26 28 218 256 256 256.0000 67  96 83.3333 0.2617 0.3750 0.3255  98 902 0.098 1000 output/particles/particles-00144 
145 1.056531601489e+06 2.654100646258e+03 3072 28291 12545 13 26 28 218 256 256 256.0000 67  96 83.3333 0.2617 0.3750 0.3255  89 911 0.089 1000 output/particles/particles-00145 
146 1.059212452808e+06 2.680851319177e+03 3072 28291 12545 13 27 29 227 256 256 256.0000 66  97 83.3333 0.2578 0.3789 0.3255  75 925 0.075 1000 output/particles/particles-00146 
147 1.061921437009e+06 2.708984201164e+03 3072 28291 12545 13 27 29 227 256 256 256.0000 68  94 83.3333 0.2656 0.3672 0.3255  73 927 0.073 1000 output/particles/particles-00147 
148 1.064658880408e+06 2.737443398579e+03 3072 28291 12545 13 27 29 230 256 256 256.0000 68  92 83.3333 0.2656 0.3594 0.3255  75 925 0.075 1000 output/particles/particles-00148 
149 1.067426476734e+06 2.767596326712e+03 3072 28291 12545 13 27 29 231 256 256 256.0000 68  92 83.3333 0.2656 0.3594 0.3255  88 912 0.088 1000 output/particles/particles-00149 
150 1.070225854605e+06 2.799377870360e+03 3072 28291 12545 13 27 29 230 256 256 256.0000 68  93 83.3333 0.2656 0.3633 0.3255  81 919 0.081 1000 output/particles/particles-00150 
151 1.073058577080e+06 2.832722475264e+03 3072 28291 12545 13 27 29 231 256 256 256.0000 71  93 83.3333 0.2773 0.3633 0.3255  91 909 0.091 1000 output/particles/particles-00151 
152 1.075926141166e+06 2.867564086466e+03 3072 28291 12545 13 27 29 231 256 256 256.0000 71  94 83.3333 0.2773 0.3672 0.3255  96 904 0.096 1000 output/particles/particles-00152 
153 1.078829977337e+06 2.903836170580e+03 3072 28291 12545 13 27 29 229 256 256 256.0000 69  93 83.3333 0.2695 0.3633 0.3255  89 911 0.089 1000 output/particles/particles-00153 
154 1.081771449150e+06 2.941471813163e+03 3072 28291 12545 13 27 29 228 256 256 256.0000 68  93 83.3333 0.2656 0.3633 0.3255  91 909 0.091 1000 output/particles/particles-00154 
155 1.084751853035e+06 2.980403885181e+03 3072 28291 12545 13 27 29 226 256 256 256.0000 71  92 83.3333 0.2773 0.3594 0.3255 107 893 0.107 1000 output/particles/particles-00155 
156 1.087772418297e+06 3.020565261355e+03 3072 28291 12545 13 27 29 227 256 256 256.0000 72  91 83.3333 0.2812 0.3555 0.3255  93 907 0.093 1000 output/particles/particles-00156 
157 1.090834107523e+06 3.061689225818e+03 3072 28291 12545 13 27 29 227 256 256 256.0000 72  91 83.3333 0.2812 0.3555 0.3255  94 906 0.094 1000 output/particles/particles-00157 
158 1.093937457405e+06 3.103349882146e+03 3072 28291 12545 13 27 29 227 256 256 256.0000 73  90 83.3333 0.2852 0.3516 0.3255  70 930 0.070 1000 output/particles/particles-00158 
159 1.097083615519e+06 3.146158114507e+03 3072 28291 12545 13 27 29 226 256 256 256.0000 69  91 83.3333 0.2695 0.3555 0.3255  92 908 0.092 1000 output/particles/particles-00159 
160 1.100273665488e+06 3.190049968987e+03 3072 28291 12545 13 27 29 226 256 256 256.0000 69  93 83.3333 0.2695 0.3633 0.3255  96 904 0.096 1000 output/particles/particles-00160 
161 1.103508628123e+06 3.234962634324e+03 3072 28291 12545 13 27 29 224 256 256 256.0000 70  92 83.3333 0.2734 0.3594 0.3255  92 908 0.092 1000 output/particles/particles-00161 
162 1.106789462930e+06 3.280834807494e+03 3072 28291 12545 13 27 29 224 256 256 256.0000 68  93 83.3333 0.2656 0.3633 0.3255  87 913 0.087 1000 output/particles/particles-00162 
163 1.110117069983e+06 3.327607052837e+03 3072 28291 12545 12 27 29 220 256 256 256.0000 68  94 83.3333 0.2656 0.3672 0.3255  80 920 0.080 1000 output/particles/particles-00163 
164 1.113492292140e+06 3.375222157481e+03 3072 28291 12545 12 27 29 219 256 256 256.0000 68  95 83.3333 0.2656 0.3711 0.3255  85 915 0.085 1000 output/particles/particles-00164 
165 1.116915917614e+06 3.423625473300e+03 3072 28291 12545 12 27 29 217 256 256 256.0000 67  95 83.3333 0.2617 0.3711 0.3255  98 902 0.098 1000 output/particles/particles-00165 
166 1.120388682857e+06 3.472765243445e+03 3072 28291 12545 12 27 29 218 256 256 256.0000 66  95 83.3333 0.2578 0.3711 0.3255  84 916 0.084 1000 output/particles/particles-00166 
167 1.123911275765e+06 3.522592908026e+03 3072 28291 12545 12 27 29 216 256 256 256.0000 67  96 83.3333 0.2617 0.3750 0.3255 101 899 0.101 1000 output/particles/particles-00167 
168 1.127484339145e+06 3.573063379515e+03 3072 28291 12545 12 27 29 214 256 256 256.0000 67  96 83.3333 0.2617 0.3750 0.3255 100 900 0.100 1000 output/particles/particles-00168 
169 1.131108474443e+06 3.624135298361e+03 3072 28291 12545 12 27 29 216 256 256 256.0000 68  98 83.3333 0.2656 0.3828 0.3255  95 905 0.095 1000 output/particles/particles-00169 
170 1.134784245696e+06 3.675771253081e+03 3072 28291 12545 12 27 29 217 256 256 256.0000 70  98 83.3333 0.2734 0.3828 0.3255 103 897 0.103 1000 output/particles/particles-00170 
171 1.138512183657e+06 3.727937961423e+03 3072 28291 12545 12 27 29 217 256 256 256.0000 70  98 83.3333 0.2734 0.3828 0.3255  95 905 0.095 1000 output/particles/particles-00171 
172 1.142292105460e+06 3.779921802063e+03 3072 28291 12545 12 27 29 217 256 256 256.0000 69  98 83.3333 0.2695 0.3828 0.3255 102 898 0.102 1000 output/particles/particles-00172 
173 1.146124314454e+06 3.832208994882e+03 3072 28291 12545 12 27 29 216 256 256 256.0000 68  95 83.3333 0.2656 0.3711 0.3255  94 906 0.094 1000 output/particles/particles-00173 
174 1.150009179990e+06 3.884865536022e+03 3072 28291 12545 12 27 29 216 256 256 256.0000 68  95 83.3333 0.2656 0.3711 0.3255 100 900 0.100 1000 output/particles/particles-00174 
175 1.153947058643e+06 3.937878652973e+03 3072 28291 12545 12 27 29 218 256 256 256.0000 68  95 83.3333 0.2656 0.3711 0.3255  91 909 0.091 1000 output/particles/particles-00175 
176 1.157938298615e+06 3.991239971798e+03 3072 28291 12545 12 27 29 218 256 256 256.0000 70  94 83.3333 0.2734 0.3672 0.3255  87 913 0.087 1000 output/particles/particles-00176 
177 1.161983244086e+06 4.044945470928e+03 3072 28291 12545 12 27 29 220 256 256 256.0000 71  95 83.3333 0.2773 0.3711 0.3255  83 917 0.083 1000 output/particles/particles-00177 
178 1.166082239464e+06 4.098995378317e+03 3072 28291 12545 12 27 29 220 256 256 256.0000 71  95 83.3333 0.2773 0.3711 0.3255  90 910 0.090 1000 output/particles/particles-00178 
179 1.170235633536e+06 4.153394071825e+03 3072 28291 12545 12 27 29 221 256 256 256.0000 72  94 83.3333 0.2812 0.3672 0.3255  92 908 0.092 1000 output/particles/particles-00179 
180 1.174443783455e+06 4.208149919205e+03 3072 28291 12545 12 27 29 222 256 256 256.0000 71  95 83.3333 0.2773 0.3711 0.3255  91 909 0.091 1000 output/particles/particles-00180 
181 1.178707058576e+06 4.263275120992e+03 3072 28291 12545 12 27 29 221 256 256 256.0000 71  95 83.3333 0.2773 0.3711 0.3255  94 906 0.094 1000 output/particles/particles-00181 
182 1.183025844111e+06 4.318785534295e+03 3072 28291 12545 12 27 29 217 256 256 256.0000 70  94 83.3333 0.2734 0.3672 0.3255  93 907 0.093 1000 output/particles/particles-00182 
183 1.187399765128e+06 4.373921016768e+03 3072 28291 12545 12 27 29 215 256 256 256.0000 69  93 83.3333 0.2695 0.3633 0.3255  92 908 0.092 1000 output/particles/particles-00183 
184 1.191828653210e+06 4.428888082046e+03 3072 28291 12545 12 27 29 213 256 256 256.0000 69  93 83.3333 0.2695 0.3633 0.3255  94 906 0.094 1000 output/particles/particles-00184 
185 1.196312902980e+06 4.484249770893e+03 3072 28291 12545 12 27 29 210 256 256 256.0000 71  94 83.3333 0.2773 0.3672 0.3255  91 909 0.091 1000 output/particles/particles-00185 
186 1.200852937712e+06 4.540034731472e+03 3072 28291 12545 12 27 29 214 256 256 256.0000 73  94 83.3333 0.2852 0.3672 0.3255  94 906 0.094 1000 output/particles/particles-00186 
187 1.205449211636e+06 4.596273923851e+03 3072 28291 12545 12 27 29 221 256 256 256.0000 73  95 83.3333 0.2852 0.3711 0.3255  86 914 0.086 1000 output/particles/particles-00187 
188 1.210102212031e+06 4.653000395231e+03 3072 28291 12545 12 27 29 224 256 256 256.0000 73  96 83.3333 0.2852 0.3750 0.3255  97 903 0.097 1000 output/particles/particles-00188 
189 1.214812461076e+06 4.710249045173e+03 3072 28291 12545 12 27 29 226 256 256 256.0000 73  95 83.3333 0.2852 0.3711 0.3255  87 913 0.087 1000 output/particles/particles-00189 
190 1.219580517486e+06 4.768056409721e+03 3072 28291 12545 12 27 29 227 256 256 256.0000 73  94 83.3333 0.2852 0.3672 0.3255 106 894 0.106 1000 output/particles/particles-00190 
191 1.224406977926e+06 4.826460440383e+03 3072 28291 12545 12 27 29 226 256 256 256.0000 73  94 83.3333 0.2852 0.3672 0.3255 107 893 0.107 1000 output/particles/particles-00191 
192 1.229292478221e+06 4.885500294848e+03 3072 28291 12545 12 26 28 219 256 256 256.0000 72  95 83.3333 0.2812 0.3711 0.3255 100 900 0.100 1000 output/particles/particles-00192 
193 1.234237694220e+06 4.945215999035e+03 3072 28291 12545 12 26 28 217 256 256 256.0000 72  96 83.3333 0.2812 0.3750 0.3255 104 896 0.104 1000 output/particles/particles-00193 
194 1.239242308156e+06 5.004613936145e+03 3072 28291 12545 12 26 28 217 256 256 256.0000 70  97 83.3333 0.2734 0.3789 0.3255  88 912 0.088 1000 output/particles/particles-00194 
195 1.244306499585e+06 5.064191428181e+03 3072 28291 12545 12 26 28 221 256 256 256.0000 70  97 83.3333 0.2734 0.3789 0.3255  91 909 0.091 1000 output/particles/particles-00195 
196 1.249431010062e+06 5.124510476976e+03 3072 28291 12545 12 26 28 222 256 256 256.0000 69  99 83.3333 0.2695 0.3867 0.3255 100 900 0.100 1000 output/particles/particles-00196 
197 1.254616621670e+06 5.185611608673e+03 3072 28291 12545 12 26 28 221 256 256 256.0000 71  96 83.3333 0.2773 0.3750 0.3255 112 888 0.112 1000 output/particles/particles-00197 
198 1.259864157001e+06 5.247535331056e+03 3072 28291 12545 12 26 28 221 256 256 256.0000 71  94 83.3333 0.2773 0.3672 0.3255 107 893 0.107 1000 output/particles/particles-00198 
199 1.265174478996e+06 5.310321994594e+03 3072 28291 12545 12 26 28 222 256 256 256.0000 69  97 83.3333 0.2695 0.3789 0.3255  92 908 0.092 1000 output/particles/particles-00199 
200 1.270548490675e+06 5.374011679321e+03 3072 28291 12545 12 26 28 222 256 256 256.0000 69  95 83.3333 0.2695 0.3711 0.3255 108 892 0.108 1000 output/particles/particles-00200 
201 1.275987134726e+06 5.438644051201e+03 3072 28291 12545 12 26 28 222 256 256 256.0000 69  94 83.3333 0.2695 0.3672 0.3255  96 904 0.096 1000 output/particles/particles-00201 
202 1.281491393046e+06 5.504258319972e+03 3072 28291 12545 12 26 28 222 256 256 256.0000 69  93 83.3333 0.2695 0.3633 0.3255  92 908 0.092 1000 output/particles/particles-00202 
203 1.287062286143e+06 5.570893096436e+03 3072 28291 12545 12 26 28 222 256 256 256.0000 69  93 83.3333 0.2695 0.3633 0.3255  94 906 0.094 1000 output/particles/particles-00203 
204 1.292700872483e+06 5.638586339822e+03 3072 28291 12545 12 26 28 221 256 256 256.0000 68  94 83.3333 0.2656 0.3672 0.3255 101 899 0.101 1000 output/particles/particles-00204 
205 1.298408247760e+06 5.707375277353e+03 3072 28291 12545 11 27 29 230 256 256 256.0000 67  97 83.3333 0.2617 0.3789 0.3255 104 896 0.104 1000 output/particles/particles-00205 
206 1.304184064803e+06 5.775817043429e+03 3072 28291 12545 11 27 29 229 256 256 256.0000 67  99 83.3333 0.2617 0.3867 0.3255  98 902 0.098 1000 output/particles/particles-00206 
207 1.310029021755e+06 5.844956951392e+03 3072 28291 12545 11 27 29 229 256 256 256.0000 67 101 83.3333 0.2617 0.3945 0.3255  98 902 0.098 1000 output/particles/particles-00207 
208 1.315944244275e+06 5.915222519822e+03 3072 28291 12545 11 27 29 229 256 256 256.0000 67  98 83.3333 0.2617 0.3828 0.3255  97 903 0.097 1000 output/particles/particles-00208 
209 1.321930889097e+06 5.986644822760e+03 3072 28291 12545 11 27 29 229 256 256 256.0000 67  98 83.3333 0.2617 0.3828 0.3255 112 888 0.112 1000 output/particles/particles-00209 
210 1.327990143041e+06 6.059253944109e+03 3072 28291 12545 11 27 29 228 256 256 256.0000 67  99 83.3333 0.2617 0.3867 0.3255  99 901 0.099 1000 output/particles/particles-00210 
211 1.334123221928e+06 6.133078886148e+03 3072 28291 12545 11 27 29 229 256 256 256.0000 66 101 83.3333 0.2578 0.3945 0.3255 112 888 0.112 1000 output/particles/particles-00211 
212 1.340331369577e+06 6.208147649808e+03 3072 28291 12545 11 27 29 228 256 256 256.0000 66 102 83.3333 0.2578 0.3984 0.3255 120 880 0.120 1000 output/particles/particles-00212 
213 1.346615856768e+06 6.284487190652e+03 3072 28291 12545 11 27 29 229 256 256 256.0000 67 103 83.3333 0.2617 0.4023 0.3255  93 907 0.093 1000 output/particles/particles-00213 
214 1.352977980223e+06 6.362123455191e+03 3072 28291 12545 11 27 29 229 256 256 256.0000 67 104 83.3333 0.2617 0.4062 0.3255 103 897 0.103 1000 output/particles/particles-00214 
215 1.359419061630e+06 6.441081406438e+03 3072 28291 12545 11 27 29 229 256 256 256.0000 67 106 83.3333 0.2617 0.4141 0.3255 105 895 0.105 1000 output/particles/particles-00215 
216 1.365940446666e+06 6.521385036213e+03 3072 28291 12545 11 27 29 227 256 256 256.0000 67 105 83.3333 0.2617 0.4102 0.3255  76 924 0.076 1000 output/particles/particles-00216 
217 1.372543504092e+06 6.603057426360e+03 3072 28291 12545 11 27 29 224 256 256 256.0000 70 104 83.3333 0.2734 0.4062 0.3255 106 894 0.106 1000 output/particles/particles-00217 
218 1.379229624864e+06 6.686120771357e+03 3072 28291 12545 11 27 29 224 256 256 256.0000 71 106 83.3333 0.2773 0.4141 0.3255  97 903 0.097 1000 output/particles/particles-00218 
219 1.385998634716e+06 6.769009852154e+03 3072 28291 12545 11 27 29 222 256 256 256.0000 72 107 83.3333 0.2812 0.4180 0.3255 111 889 0.111 1000 output/particles/particles-00219 
220 1.392851059304e+06 6.852424587752e+03 3072 28291 12545 11 27 29 223 256 256 256.0000 72 104 83.3333 0.2812 0.4062 0.3255 103 897 0.103 1000 output/particles/particles-00220 
221 1.399788250147e+06 6.937190843537e+03 3072 28291 12545 11 27 29 223 256 256 256.0000 72 103 83.3333 0.2812 0.4023 0.3255 101 899 0.101 1000 output/particles/particles-00221 
222 1.406811574976e+06 7.023324829199e+03 3072 28291 12545 11 27 29 221 256 256 256.0000 71 107 83.3333 0.2773 0.4180 0.3255 108 892 0.108 1000 output/particles/particles-00222 
223 1.413922417095e+06 7.110842118991e+03 3072 28291 12545 11 27 29 219 256 256 256.0000 71 108 83.3333 0.2773 0.4219 0.3255 109 891 0.109 1000 output/particles/particles-00223 
224 1.421122174833e+06 7.199757737336e+03 3072 28291 12545 11 27 29 216 256 256 256.0000 71 107 83.3333 0.2773 0.4180 0.3255 116 884 0.116 1000 output/particles/particles-00224 
225 1.428412261066e+06 7.290086233121e+03 3072 28291 12545 11 27 29 215 256 256 256.0000 71 107 83.3333 0.2773 0.4180 0.3255 109 891 0.109 1000 output/particles/particles-00225 
226 1.435794102799e+06 7.381841732839e+03 3072 28291 12545 11 27 29 214 256 256 256.0000 71 109 83.3333 0.2773 0.4258 0.3255 103 897 0.103 1000 output/particles/particles-00226 
227 1.443269140844e+06 7.475038045325e+03 3072 28291 12545 11 27 29 214 256 256 256.0000 72 108 83.3333 0.2812 0.4219 0.3255 113 887 0.113 1000 output/particles/particles-00227 
228 1.450838829562e+06 7.569688718455e+03 3072 28291 12545 11 27 29 212 256 256 256.0000 71 107 83.3333 0.2773 0.4180 0.3255  98 902 0.098 1000 output/particles/particles-00228 
229 1.458504636637e+06 7.665807074348e+03 3072 28291 12545 11 27 29 214 256 256 256.0000 71 106 83.3333 0.2773 0.4141 0.3255  90 910 0.090 1000 output/particles/particles-00229 
230 1.466268042935e+06 7.763406298834e+03 3072 28291 12545 10 27 29 213 256 256 256.0000 71 104 83.3333 0.2773 0.4062 0.3255  96 904 0.096 1000 output/particles/particles-00230 
231 1.474130542406e+06 7.862499470489e+03 3072 28291 12545 10 27 29 214 256 256 256.0000 70 104 83.3333 0.2734 0.4062 0.3255  95 905 0.095 1000 output/particles/particles-00231 
232 1.482091136330e+06 7.960593923548e+03 3072 28291 12545 10 27 29 216 256 256 256.0000 70 104 83.3333 0.2734 0.4062 0.3255 101 899 0.101 1000 output/particles/particles-00232 
233 1.490150608941e+06 8.059472611588e+03 3072 28291 12545 10 27 29 214 256 256 256.0000 71 106 83.3333 0.2773 0.4141 0.3255 119 881 0.119 1000 output/particles/particles-00233 
234 1.498310364651e+06 8.159755710022e+03 3072 28291 12545 10 27 29 214 256 256 256.0000 72 105 83.3333 0.2812 0.4102 0.3255 121 879 0.121 1000 output/particles/particles-00234 
235 1.506571817172e+06 8.261452521082e+03 3072 28291 12545 10 27 29 215 256 256 256.0000 72 106 83.3333 0.2812 0.4141 0.3255 108 892 0.108 1000 output/particles/particles-00235 
236 1.514936389414e+06 8.364572242194e+03 3072 28291 12545 10 27 29 211 256 256 256.0000 72 105 83.3333 0.2812 0.4102 0.3255 108 892 0.108 1000 output/particles/particles-00236 
237 1.523405513439e+06 8.469124024495e+03 3072 28291 12545 10 27 29 211 256 256 256.0000 72 103 83.3333 0.2812 0.4023 0.3255 103 897 0.103 1000 output/particles/particles-00237 
238 1.531980630316e+06 8.575116877509e+03 3072 28291 12545 10 27 29 210 256 256 256.0000 72 102 83.3333 0.2812 0.3984 0.3255 100 900 0.100 1000 output/particles/particles-00238 
239 1.540663190026e+06 8.682559709825e+03 3072 28291 12545 10 27 29 210 256 256 256.0000 72 102 83.3333 0.2812 0.3984 0.3255 111 889 0.111 1000 output/particles/particles-00239 
240 1.549454651329e+06 8.791461302286e+03 3072 28291 12545 10 26 28 203 256 256 256.0000 71 104 83.3333 0.2773 0.4062 0.3255 106 894 0.106 1000 output/particles/particles-00240 
241 1.558356481466e+06 8.901830137490e+03 3072 28291 12545 10 26 28 202 256 256 256.0000 71 103 83.3333 0.2773 0.4023 0.3255  94 906 0.094 1000 output/particles/particles-00241 
242 1.567370156383e+06 9.013674916668e+03 3072 28291 12545 10 26 28 203 256 256 256.0000 71 102 83.3333 0.2773 0.3984 0.3255 111 889 0.111 1000 output/particles/particles-00242 
243 1.576497160094e+06 9.127003711666e+03 3072 28291 12545 10 26 28 203 256 256 256.0000 71 101 83.3333 0.2773 0.3945 0.3255  96 904 0.096 1000 output/particles/particles-00243 
244 1.585738984655e+06 9.241824560188e+03 3072 28291 12545 10 26 28 203 256 256 256.0000 71 100 83.3333 0.2773 0.3906 0.3255 105 895 0.105 1000 output/particles/particles-00244 
245 1.595097129860e+06 9.358145205315e+03 3072 28291 12545 10 26 28 203 256 256 256.0000 71 100 83.3333 0.2773 0.3906 0.3255  80 920 0.080 1000 output/particles/particles-00245 
246 1.604569524746e+06 9.472394886094e+03 3072 28291 12545 10 26 28 203 256 256 256.0000 71  99 83.3333 0.2773 0.3867 0.3255  96 904 0.096 1000 output/particles/particles-00246 
247 1.614156969762e+06 9.587445015849e+03 3072 28291 12545 10 26 28 203 256 256 256.0000 70  99 83.3333 0.2734 0.3867 0.3255  91 909 0.091 1000 output/particles/particles-00247 
248 1.623860818233e+06 9.703848470908e+03 3072 28291 12545 10 26 28 201 256 256 256.0000 70  99 83.3333 0.2734 0.3867 0.3255 100 900 0.100 1000 output/particles/particles-00248 
249 1.633682425231e+06 9.821606998749e+03 3072 28291 12545  9 26 28 203 256 256 256.0000 70 100 83.3333 0.2734 0.3906 0.3255  95 905 0.095 1000 output/particles/particles-00249 
250 1.643623147290e+06 9.940722058056e+03 3072 28291 12545  9 26 28 202 256 256 256.0000 69 102 83.3333 0.2695 0.3984 0.3255  90 910 0.090 1000 output/particles/particles-00250 
251 1.653684342002e+06 1.006119471227e+04 3072 28291 12545  9 26 28 203 256 256 256.0000 69 101 83.3333 0.2695 0.3945 0.3255  97 903 0.097 1000 output/particles/particles-00251 
252 1.663867368056e+06 1.018302605460e+04 3072 28291 12545  9 26 28 203 256 256 256.0000 70 103 83.3333 0.2734 0.4023 0.3255 108 892 0.108 1000 output/particles/particles-00252 
253 1.674173584896e+06 1.030621683924e+04 3072 28291 12545  9 26 28 201 256 256 256.0000 70 103 83.3333 0.2734 0.4023 0.3255  96 904 0.096 1000 output/particles/particles-00253 
254 1.684604352904e+06 1.043076800801e+04 3072 28291 12545  9 26 28 201 256 256 256.0000 69 104 83.3333 0.2695 0.4062 0.3255 102 898 0.102 1000 output/particles/particles-00254 
255 1.695161033548e+06 1.055668064461e+04 3072 28291 12545  9 26 28 201 256 256 256.0000 69 104 83.3333 0.2695 0.4062 0.3255  91 909 0.091 1000 output/particles/particles-00255 
256 1.705844989809e+06 1.068395626116e+04 3072 28291 12545  9 25 27 194 256 256 256.0000 69 104 83.3333 0.2695 0.4062 0.3255  92 908 0.092 1000 output/particles/particles-00256 
257 1.716657586688e+06 1.081259687829e+04 3072 28291 12545  9 25 27 194 256 256 256.0000 68 104 83.3333 0.2656 0.4062 0.3255  95 905 0.095 1000 output/particles/particles-00257 
258 1.727600192305e+06 1.094260561767e+04 3072 28291 12545  9 25 27 190 256 256 256.0000 67 104 83.3333 0.2617 0.4062 0.3255 100 900 0.100 1000 output/particles/particles-00258 
259 1.738671924852e+06 1.107173254705e+04 3072 28291 12545  9 25 27 190 256 256 256.0000 66 104 83.3333 0.2578 0.4062 0.3255 103 897 0.103 1000 output/particles/particles-00259 
260 1.749870905764e+06 1.119898091147e+04 3072 28291 12545  9 25 27 189 256 256 256.0000 66 106 83.3333 0.2578 0.4141 0.3255 105 895 0.105 1000 output/particles/particles-00260 
261 1.761198304329e+06 1.132739856462e+04 3072 28291 12545  9 25 27 189 256 256 256.0000 66 106 83.3333 0.2578 0.4141 0.3255 112 888 0.112 1000 output/particles/particles-00261 
262 1.772655292244e+06 1.145698791594e+04 3072 28291 12545  9 25 27 189 256 256 256.0000 66 106 83.3333 0.2578 0.4141 0.3255 103 897 0.103 1000 output/particles/particles-00262 
263 1.784243045776e+06 1.158775353116e+04 3072 28291 12545  9 25 27 190 256 256 256.0000 67 106 83.3333 0.2617 0.4141 0.3255 102 898 0.102 1000 output/particles/particles-00263 
264 1.795962748300e+06 1.171970252430e+04 3072 28291 12545  9 25 27 190 256 256 256.0000 69 104 83.3333 0.2695 0.4062 0.3255 113 887 0.113 1000 output/particles/particles-00264 
265 1.807815593229e+06 1.185284492908e+04 3072 28291 12545  9 25 27 191 256 256 256.0000 68 105 83.3333 0.2656 0.4102 0.3255 101 899 0.101 1000 output/particles/particles-00265 
266 1.819802787293e+06 1.198719406402e+04 3072 28291 12545  9 25 27 191 256 256 256.0000 69 103 83.3333 0.2695 0.4023 0.3255  93 907 0.093 1000 output/particles/particles-00266 
267 1.831925554152e+06 1.212276685867e+04 3072 28291 12545  9 25 27 191 256 256 256.0000 70 102 83.3333 0.2734 0.3984 0.3255 102 898 0.102 1000 output/particles/particles-00267 
268 1.844185138276e+06 1.225958412400e+04 3072 28291 12545  9 25 27 192 256 256 256.0000 70 102 83.3333 0.2734 0.3984 0.3255  94 906 0.094 1000 output/particles/particles-00268 
269 1.856582809012e+06 1.239767073600e+04 3072 28291 12545  9 25 27 192 256 256 256.0000 70 102 83.3333 0.2734 0.3984 0.3255 114 886 0.114 1000 output/particles/particles-00269 
270 1.869119864713e+06 1.253705570177e+04 3072 28291 12545  9 25 27 191 256 256 256.0000 71 100 83.3333 0.2773 0.3906 0.3255  96 904 0.096 1000 output/particles/particles-00270 
271 1.881797636744e+06 1.267777203085e+04 3072 28291 12545  9 25 27 190 256 256 256.0000 70 100 83.3333 0.2734 0.3906 0.3255  93 907 0.093 1000 output/particles/particles-00271 
272 1.894617493183e+06 1.281985643886e+04 3072 28291 12545 10 25 27 190 256 256 256.0000 71 100 83.3333 0.2773 0.3906 0.3255 114 886 0.114 1000 output/particles/particles-00272 
273 1.907580841892e+06 1.296334870918e+04 3072 28291 12545 10 25 27 190 256 256 256.0000 72 101 83.3333 0.2812 0.3945 0.3255 109 891 0.109 1000 output/particles/particles-00273 
274 1.920685801699e+06 1.310495980707e+04 3072 28291 12545 10 25 27 192 256 256 256.0000 73 101 83.3333 0.2852 0.3945 0.3255 111 889 0.111 1000 output/particles/particles-00274 
275 1.933929444252e+06 1.324364255306e+04 3072 28291 12545 10 25 27 192 256 256 256.0000 72 102 83.3333 0.2812 0.3984 0.3255 102 898 0.102 1000 output/particles/particles-00275 
276 1.947312953129e+06 1.338350887654e+04 3072 28291 12545 10 25 27 192 256 256 256.0000 72 101 83.3333 0.2812 0.3945 0.3255 100 900 0.100 1000 output/particles/particles-00276 
277 1.960837531572e+06 1.352457844315e+04 3072 28291 12545 10 25 27 192 256 256 256.0000 72 100 83.3333 0.2812 0.3906 0.3255  82 918 0.082 1000 output/particles/particles-00277 
278 1.974504394692e+06 1.366686312028e+04 3072 28291 12545 10 25 27 192 256 256 256.0000 72 100 83.3333 0.2812 0.3906 0.3255 112 888 0.112 1000 output/particles/particles-00278 
279 1.988314757842e+06 1.381036314997e+04 3072 28291 12545 10 25 27 191 256 256 256.0000 73 101 83.3333 0.2852 0.3945 0.3255 105 895 0.105 1000 output/particles/particles-00279 
280 2.002269820391e+06 1.395506254854e+04 3072 28291 12545 10 25 27 192 256 256 256.0000 70 102 83.3333 0.2734 0.3984 0.3255  99 901 0.099 1000 output/particles/particles-00280 
281 2.016370744106e+06 1.410092371504e+04 3072 28291 12545 11 25 27 192 256 256 256.0000 69 102 83.3333 0.2695 0.3984 0.3255  95 905 0.095 1000 output/particles/particles-00281 
282 2.030618625384e+06 1.424788127808e+04 3072 28291 12545 11 25 27 192 256 256 256.0000 69 103 83.3333 0.2695 0.4023 0.3255  96 904 0.096 1000 output/particles/particles-00282 
283 2.045014460663e+06 1.439583527936e+04 3072 28291 12545 11 25 27 192 256 256 256.0000 71 101 83.3333 0.2773 0.3945 0.3255  89 911 0.089 1000 output/particles/particles-00283 
284 2.059559104546e+06 1.454464388259e+04 3072 28291 12545 11 25 27 192 256 256 256.0000 71 103 83.3333 0.2773 0.4023 0.3255  88 912 0.088 1000 output/particles/particles-00284 
285 2.074253220456e+06 1.469411590980e+04 3072 28291 12545 11 26 28 199 256 256 256.0000 71 103 83.3333 0.2773 0.4023 0.3255  87 913 0.087 1000 output/particles/particles-00285 
286 2.089097223991e+06 1.484400353488e+04 3072 28291 12545 11 26 28 198 256 256 256.0000 69 103 83.3333 0.2695 0.4023 0.3255  82 918 0.082 1000 output/particles/particles-00286 
287 2.103918025716e+06 1.482080172525e+04 3072 28291 12545 11 26 28 198 256 256 256.0000 69 102 83.3333 0.2695 0.3984 0.3255  81 919 0.081 1000 output/particles/particles-00287 
288 2.118628680181e+06 1.471065446548e+04 3072 28291 12545 11 26 28 199 256 256 256.0000 69 102 83.3333 0.2695 0.3984 0.3255  85 915 0.085 1000 output/particles/particles-00288 
289 2.133261652716e+06 1.463297253453e+04 3072 28291 12545 11 26 28 197 256 256 256.0000 70 102 83.3333 0.2734 0.3984 0.3255  95 905 0.095 1000 output/particles/particles-00289 
290 2.147848113582e+06 1.458646086604e+04 3072 28291 12545 11 26 28 196 256 256 256.0000 69 102 83.3333 0.2695 0.3984 0.3255  87 913 0.087 1000 output/particles/particles-00290 
291 2.162402006763e+06 1.455389318050e+04 3072 28291 12545 11 26 28 196 256 256 256.0000 72 102 83.3333 0.2812 0.3984 0.3255  98 902 0.098 1000 output/particles/particles-00291 
292 2.176942016224e+06 1.454000946119e+04 3072 28291 12545 11 26 28 197 256 256 256.0000 72 102 83.3333 0.2812 0.3984 0.3255  98 902 0.098 1000 output/particles/particles-00292 
293 2.191499256580e+06 1.455724035674e+04 3072 28291 12545 11 26 28 197 256 256 256.0000 71 102 83.3333 0.2773 0.3984 0.3255  79 921 0.079 1000 output/particles/particles-00293 
294 2.206103554165e+06 1.460429758426e+04 3072 28291 12545 11 26 28 198 256 256 256.0000 72 102 83.3333 0.2812 0.3984 0.3255  85 915 0.085 1000 output/particles/particles-00294 
295 2.220760804545e+06 1.465725038045e+04 3072 28291 12545 11 26 28 196 256 256 256.0000 69 102 83.3333 0.2695 0.3984 0.3255  96 904 0.096 1000 output/particles/particles-00295 
296 2.235503673933e+06 1.474286938756e+04 3072 28291 12545 11 26 28 196 256 256 256.0000 71 102 83.3333 0.2773 0.3984 0.3255  92 908 0.092 1000 output/particles/particles-00296 
297 2.250365044500e+06 1.486137056712e+04 3072 28291 12545 11 26 28 197 256 256 256.0000 72 101 83.3333 0.2812 0.3945 0.3255  95 905 0.095 1000 output/particles/particles-00297 
298 2.265363800693e+06 1.499875619311e+04 3072 28291 12545 11 26 28 199 256 256 256.0000 73 101 83.3333 0.2852 0.3945 0.3255  97 903 0.097 1000 output/particles/particles-00298 
299 2.280526402901e+06 1.516260220757e+04 3072 28291 12545 11 26 28 200 256 256 256.0000 73 101 83.3333 0.2852 0.3945 0.3255 109 891 0.109 1000 output/particles/particles-00299 
300 2.295890226612e+06 1.536382371141e+04 3072 28291 12545 11 26 28 200 256 256 256.0000 72 101 83.3333 0.2812 0.3945 0.3255 103 897 0.103 1000 output/particles/particles-00300 
301 2.311456836720e+06 1.556661010784e+04 3072 28291 12545 11 26 28 203 256 256 256.0000 73 103 83.3333 0.2852 0.4023 0.3255 107 893 0.107 1000 output/particles/particles-00301 
302 2.327041229791e+06 1.558439307097e+04 3072 28291 12545 11 26 28 208 256 256 256.0000 73 105 83.3333 0.2852 0.4102 0.3255  96 904 0.096 1000 output/particles/particles-00302 
303 2.342651761185e+06 1.561053139379e+04 3072 28291 12545 11 26 28 212 256 256 256.0000 71 104 83.3333 0.2773 0.4062 0.3255 101 899 0.101 1000 output/particles/particles-00303 
304 2.358295063565e+06 1.564330238052e+04 3072 28291 12545 10 26 28 222 256 256 256.0000 71 105 83.3333 0.2773 0.4102 0.3255  99 901 0.099 1000 output/particles/particles-00304 
305 2.373979235050e+06 1.568417148539e+04 3072 28291 12545 10 26 28 223 256 256 256.0000 71 107 83.3333 0.2773 0.4180 0.3255  95 905 0.095 1000 output/particles/particles-00305 
306 2.389713802505e+06 1.573456745437e+04 3072 28291 12545 10 26 28 223 256 256 256.0000 71 107 83.3333 0.2773 0.4180 0.3255  95 905 0.095 1000 output/particles/particles-00306 
307 2.405508272473e+06 1.579446996794e+04 3072 28291 12545 10 26 28 223 256 256 256.0000 70 108 83.3333 0.2734 0.4219 0.3255 101 899 0.101 1000 output/particles/particles-00307 
308 2.421275012965e+06 1.576674049192e+04 3072 28291 12545 10 26 28 222 256 256 256.0000 71 108 83.3333 0.2773 0.4219 0.3255  84 916 0.084 1000 output/particles/particles-00308 
309 2.437004814491e+06 1.572980152681e+04 3072 28291 12545 10 26 28 221 256 256 256.0000 70 106 83.3333 0.2734 0.4141 0.3255 100 900 0.100 1000 output/particles/particles-00309 
310 2.452706787616e+06 1.570197312411e+04 3072 28291 12545 10 26 28 221 256 256 256.0000 69 106 83.3333 0.2695 0.4141 0.3255  86 914 0.086 1000 output/particles/particles-00310 
311 2.468389784827e+06 1.568299721146e+04 3072 28291 12545 10 26 28 223 256 256 256.0000 71 106 83.3333 0.2773 0.4141 0.3255  92 908 0.092 1000 output/particles/particles-00311 
312 2.484062352141e+06 1.567256731373e+04 3072 28291 12545  9 26 28 224 256 256 256.0000 70 107 83.3333 0.2734 0.4180 0.3255 100 900 0.100 1000 output/particles/particles-00312 
313 2.499731056387e+06 1.566870424617e+04 3072 28291 12545  9 25 27 215 256 256 256.0000 70 107 83.3333 0.2734 0.4180 0.3255  92 908 0.092 1000 output/particles/particles-00313 
314 2.515401886423e+06 1.567083003564e+04 3072 28291 12545  9 25 27 213 256 256 256.0000 69 106 83.3333 0.2695 0.4141 0.3255  90 910 0.090 1000 output/particles/particles-00314 
315 2.531083099151e+06 1.568121272843e+04 3072 28291 12545  9 25 27 212 256 256 256.0000 69 106 83.3333 0.2695 0.4141 0.3255 104 896 0.104 1000 output/particles/particles-00315 
316 2.546782501291e+06 1.569940213953e+04 3072 28291 12545  9 25 27 204 256 256 256.0000 68 106 83.3333 0.2656 0.4141 0.3255  99 901 0.099 1000 output/particles/particles-00316 
317 2.562507442764e+06 1.572494147347e+04 3072 28291 12545  9 25 27 193 256 256 256.0000 71 107 83.3333 0.2773 0.4180 0.3255  86 914 0.086 1000 output/particles/particles-00317 
318 2.578264817113e+06 1.575737434925e+04 3072 28291 12545  9 25 27 190 256 256 256.0000 71 106 83.3333 0.2773 0.4141 0.3255  77 923 0.077 1000 output/particles/particles-00318 
319 2.594027194776e+06 1.576237766253e+04 3072 28291 12545  9 25 27 196 256 256 256.0000 70 109 83.3333 0.2734 0.4258 0.3255  98 902 0.098 1000 output/particles/particles-00319 
320 2.609731852906e+06 1.570465812975e+04 3072 28291 12545  9 25 27 202 256 256 256.0000 69 109 83.3333 0.2695 0.4258 0.3255  97 903 0.097 1000 output/particles/particles-00320 
321 2.625386169566e+06 1.565431666044e+04 3072 28291 12545  9 25 27 202 256 256 256.0000 69 109 83.3333 0.2695 0.4258 0.3255  98 902 0.098 1000 output/particles/particles-00321 
322 2.640997056218e+06 1.561088665216e+04 3072 28291 12545  9 25 27 202 256 256 256.0000 69 107 83.3333 0.2695 0.4180 0.3255  81 919 0.081 1000 output/particles/particles-00322 
323 2.656570985533e+06 1.557392931521e+04 3072 28291 12545  9 25 27 202 256 256 256.0000 69 106 83.3333 0.2695 0.4141 0.3255  94 906 0.094 1000 output/particles/particles-00323 
324 2.672114021512e+06 1.554303597914e+04 3072 28291 12545  9 25 27 203 256 256 256.0000 69 105 83.3333 0.2695 0.4102 0.3255  81 919 0.081 1000 output/particles/particles-00324 
325 2.687630394643e+06 1.551637313015e+04 3072 28291 12545  9 25 27 202 256 256 256.0000 70 104 83.3333 0.2734 0.4062 0.3255  92 908 0.092 1000 output/particles/particles-00325 
326 2.703125082085e+06 1.549468744209e+04 3072 28291 12545  9 25 27 200 256 256 256.0000 70 104 83.3333 0.2734 0.4062 0.3255  89 911 0.089 1000 output/particles/particles-00326 
327 2.718603743661e+06 1.547866157662e+04 3072 28291 12545  9 25 27 200 256 256 256.0000 70 104 83.3333 0.2734 0.4062 0.3255  94 906 0.094 1000 output/particles/particles-00327 
328 2.734071718379e+06 1.546797471747e+04 3072 28291 12545  9 25 27 200 256 256 256.0000 70 104 83.3333 0.2734 0.4062 0.3255  90 910 0.090 1000 output/particles/particles-00328 
329 2.749534059115e+06 1.546234073625e+04 3072 28291 12545  9 24 26 192 256 256 256.0000 69 104 83.3333 0.2695 0.4062 0.3255  74 926 0.074 1000 output/particles/particles-00329 
330 2.764995566340e+06 1.546150722498e+04 3072 28291 12545  9 24 26 190 256 256 256.0000 70 105 83.3333 0.2734 0.4102 0.3255  89 911 0.089 1000 output/particles/particles-00330 
331 2.780460820541e+06 1.546525420145e+04 3072 28291 12545  9 24 26 189 256 256 256.0000 70 104 83.3333 0.2734 0.4062 0.3255  86 914 0.086 1000 output/particles/particles-00331 
332 2.795934213557e+06 1.547339301594e+04 3072 28291 12545  9 24 26 189 256 256 256.0000 70 104 83.3333 0.2734 0.4062 0.3255  83 917 0.083 1000 output/particles/particles-00332 
333 2.811399172182e+06 1.546495862408e+04 3072 28291 12545  9 24 26 188 256 256 256.0000 71 105 83.3333 0.2773 0.4102 0.3255  86 914 0.086 1000 output/particles/particles-00333 
334 2.826801626247e+06 1.540245406566e+04 3072 28291 12545  8 24 26 188 256 256 256.0000 71 104 83.3333 0.2773 0.4062 0.3255  86 914 0.086 1000 output/particles/particles-00334 
335 2.842147112679e+06 1.534548643197e+04 3072 28291 12545  8 24 26 188 256 256 256.0000 72 104 83.3333 0.2812 0.4062 0.3255  84 916 0.084 1000 output/particles/particles-00335 
336 2.857440941525e+06 1.529382884553e+04 3072 28291 12545  8 24 26 187 256 256 256.0000 72 106 83.3333 0.2812 0.4141 0.3255  81 919 0.081 1000 output/particles/particles-00336 
337 2.872688222222e+06 1.524728069753e+04 3072 28291 12545  8 24 26 186 256 256 256.0000 73 107 83.3333 0.2852 0.4180 0.3255  90 910 0.090 1000 output/particles/particles-00337 
338 2.887893887826e+06 1.520566560378e+04 3072 28291 12545  8 24 26 186 256 256 256.0000 72 109 83.3333 0.2812 0.4258 0.3255  82 918 0.082 1000 output/particles/particles-00338 
339 2.903062717155e+06 1.516882932866e+04 3072 28291 12545  8 24 26 186 256 256 256.0000 72 110 83.3333 0.2812 0.4297 0.3255  78 922 0.078 1000 output/particles/particles-00339 
340 2.918199354965e+06 1.513663781004e+04 3072 28291 12545  8 23 25 177 256 256 256.0000 72 109 83.3333 0.2812 0.4258 0.3255  82 918 0.082 1000 output/particles/particles-00340 
341 2.933308330214e+06 1.510897524942e+04 3072 28291 12545  8 23 25 176 256 256 256.0000 72 108 83.3333 0.2812 0.4219 0.3255  81 919 0.081 1000 output/particles/particles-00341 
342 2.948394072263e+06 1.508574204900e+04 3072 28291 12545  8 23 25 176 256 256 256.0000 71 108 83.3333 0.2773 0.4219 0.3255  82 918 0.082 1000 output/particles/particles-00342 
343 2.963460925827e+06 1.506685356431e+04 3072 28291 12545  8 23 25 176 256 256 256.0000 70 107 83.3333 0.2734 0.4180 0.3255  88 912 0.088 1000 output/particles/particles-00343 
344 2.978513164002e+06 1.505223817456e+04 3072 28291 12545  8 23 25 176 256 256 256.0000 70 107 83.3333 0.2734 0.4180 0.3255  76 924 0.076 1000 output/particles/particles-00344 
345 2.993555000152e+06 1.504183614984e+04 3072 28291 12545  8 23 25 176 256 256 256.0000 70 107 83.3333 0.2734 0.4180 0.3255  73 927 0.073 1000 output/particles/particles-00345 
346 3.000000000000e+06 6.444999848186e+03 3072 28291 12545  7 20 22 154 256 256 256.0000 70 107 83.3333 0.2734 0.4180 0.3255 110 890 0.110 1000 output/particles/particles-00346 
