# 1: Time step number
# 2: Time (years)
# 3: Time step size (years)
# 4: Number of mesh cells
# 5: Number of Stokes degrees of freedom
# 6: Number of temperature degrees of freedom
# 7: Number of degrees of freedom for all compositions
# 8: Number of nonlinear iterations
# 9: Iterations for temperature solver
# 10: Iterations for composition solver 1
# 11: Iterations for composition solver 2
# 12: Iterations for composition solver 3
# 13: Iterations for composition solver 4
# 14: Iterations for composition solver 5
# 15: Iterations for composition solver 6
# 16: Iterations for composition solver 7
# 17: Iterations for composition solver 8
# 18: Iterations for composition solver 9
# 19: Iterations for composition solver 10
# 20: Iterations for Stokes solver
# 21: Velocity iterations in Stokes preconditioner
# 22: Schur complement iterations in Stokes preconditioner
# 23: Minimal cells per process
# 24: Maximal cells per process
# 25: Average cells per process
 0 0.000000000000e+00 0.000000000000e+00 64 659 289 2890  2   0   0   0   0   0   0   0   0   0   0   0  15  19   214 4 8 5.3333 
 1 1.000000000000e+05 1.000000000000e+05 64 659 289 2890 10 101   0 163   0   0   0   0   0   0   0   0  95 115  1366 4 8 5.3333 
 2 2.000000000000e+05 1.000000000000e+05 64 659 289 2890 10 114   0 162   0   0   0   0   0   0   0   0  86 106  1259 4 8 5.3333 
 3 3.000000000000e+05 1.000000000000e+05 64 659 289 2890 10 156   0 203   0   0   0   0   0   0   0   0  94 114  1356 4 8 5.3333 
 4 3.789054834124e+05 7.890548341237e+04 64 659 289 2890 10 217   0 247   0   0   0   0   0   0   0   0  78  98  1158 4 8 5.3333 
 5 4.099043358642e+05 3.099885245184e+04 64 659 289 2890  5  93   0 100   0   0   0   0   0   0   0   0  35  45   529 4 8 5.3333 
 6 4.329282255213e+05 2.302388965712e+04 64 659 289 2890  3  55   0  57   0   0   0   0   0   0   0   0  22  28   333 4 8 5.3333 
 7 4.518349245573e+05 1.890669903602e+04 64 659 289 2890  3  53   0  56   0   0   0   0   0   0   0   0  20  26   311 4 8 5.3333 
 8 4.682140873642e+05 1.637916280682e+04 64 659 289 2890  3  51   0  56   0   0   0   0   0   0   0   0  19  25   298 4 8 5.3333 
 9 4.829205603342e+05 1.470647297003e+04 64 659 289 2890  3  50   0  55   0   0   0   0   0   0   0   0  16  22   262 4 8 5.3333 
10 4.964840496879e+05 1.356348935373e+04 64 659 289 2890  3  49   0  52   0   0   0   0   0   0   0   0  17  23   274 4 8 5.3333 
11 5.091230273580e+05 1.263897767010e+04 64 659 289 2890  3  48   0  49   0   0   0   0   0   0   0   0  16  22   265 4 8 5.3333 
12 5.210790514463e+05 1.195602408830e+04 64 659 289 2890  3  48   0  49   0   0   0   0   0   0   0   0  15  21   259 4 8 5.3333 
13 5.325580211696e+05 1.147896972323e+04 64 659 289 2890  3  48   0  49   0   0   0   0   0   0   0   0  14  20   247 4 8 5.3333 
14 5.437212661515e+05 1.116324498192e+04 64 659 289 2890  3  48   0  48   0   0   0   0   0   0   0   0  14  20   250 4 8 5.3333 
15 5.542348109146e+05 1.051354476314e+04 64 659 289 2890  3  46   0  47   0   0   0   0   0   0   0   0  12  18   228 4 8 5.3333 
16 5.642285955762e+05 9.993784661562e+03 64 659 289 2890  3  45   0  46   0   0   0   0   0   0   0   0  13  19   241 4 8 5.3333 
17 5.738911731351e+05 9.662577558927e+03 64 659 289 2890  3  44   0  45   0   0   0   0   0   0   0   0  12  18   231 4 8 5.3333 
18 5.833701805689e+05 9.479007433838e+03 64 659 289 2890  3  45   0  45   0   0   0   0   0   0   0   0  12  18   233 4 8 5.3333 
19 5.927869676938e+05 9.416787124836e+03 64 659 289 2890  2  31   0  32   0   0   0   0   0   0   0   0  12  16   206 4 8 5.3333 
20 6.022455628164e+05 9.458595122579e+03 64 659 289 2890  2  31   0  32   0   0   0   0   0   0   0   0  12  16   208 4 8 5.3333 
21 6.118387407815e+05 9.593177965113e+03 64 659 289 2890  2  31   0  32   0   0   0   0   0   0   0   0  11  15   196 4 8 5.3333 
22 6.216473712695e+05 9.808630488045e+03 64 659 289 2890  2  31   0  31   0   0   0   0   0   0   0   0  11  15   195 4 8 5.3333 
23 6.317442702311e+05 1.009689896162e+04 64 659 289 2890  2  31   0  31   0   0   0   0   0   0   0   0  11  15   195 4 8 5.3333 
24 6.421963519793e+05 1.045208174813e+04 64 659 289 2890  2  30   0  30   0   0   0   0   0   0   0   0  11  15   194 4 8 5.3333 
25 6.530667085586e+05 1.087035657937e+04 64 659 289 2890  2  31   0  30   0   0   0   0   0   0   0   0  11  15   195 4 8 5.3333 
26 6.644200171594e+05 1.135330860078e+04 64 659 289 2890  2  31   0  30   0   0   0   0   0   0   0   0  11  15   193 4 8 5.3333 
27 6.763247991379e+05 1.190478197853e+04 64 659 289 2890  2  31   0  31   0   0   0   0   0   0   0   0  11  15   193 4 8 5.3333 
28 6.888526487845e+05 1.252784964651e+04 64 659 289 2890  2  31   0  32   0   0   0   0   0   0   0   0  10  14   180 4 8 5.3333 
29 7.020797928665e+05 1.322714408207e+04 64 659 289 2890  2  31   0  32   0   0   0   0   0   0   0   0  10  14   180 4 8 5.3333 
30 7.160885184595e+05 1.400872559295e+04 64 659 289 2890  2  31   0  32   0   0   0   0   0   0   0   0  10  14   178 4 8 5.3333 
31 7.309655975203e+05 1.487707906083e+04 64 659 289 2890  2  31   0  32   0   0   0   0   0   0   0   0  10  14   179 4 8 5.3333 
32 7.467988566279e+05 1.583325910758e+04 64 659 289 2890  2  32   0  32   0   0   0   0   0   0   0   0  11  15   191 4 8 5.3333 
33 7.636719312408e+05 1.687307461297e+04 64 659 289 2890  2  32   0  33   0   0   0   0   0   0   0   0  12  16   204 4 8 5.3333 
34 7.816818522786e+05 1.800992103778e+04 64 659 289 2890  2  32   0  33   0   0   0   0   0   0   0   0  12  16   203 4 8 5.3333 
35 8.009429322559e+05 1.926107997730e+04 64 659 289 2890  2  32   0  33   0   0   0   0   0   0   0   0  11  15   190 4 8 5.3333 
36 8.211537185598e+05 2.021078630391e+04 64 659 289 2890  2  31   0  33   0   0   0   0   0   0   0   0  12  16   203 4 8 5.3333 
37 8.419704222372e+05 2.081670367736e+04 64 659 289 2890  2  30   0  32   0   0   0   0   0   0   0   0  12  16   204 4 8 5.3333 
38 8.638353578254e+05 2.186493558818e+04 64 659 289 2890  2  30   0  31   0   0   0   0   0   0   0   0  12  16   204 4 8 5.3333 
39 8.872966668336e+05 2.346130900819e+04 64 659 289 2890  3  42   0  44   0   0   0   0   0   0   0   0  15  21   267 4 8 5.3333 
40 9.130323845507e+05 2.573571771712e+04 64 659 289 2890  3  42   0  44   0   0   0   0   0   0   0   0  16  22   277 4 8 5.3333 
41 9.419381338781e+05 2.890574932744e+04 64 659 289 2890  3  43   0  45   0   0   0   0   0   0   0   0  16  22   275 4 8 5.3333 
42 9.747528101871e+05 3.281467630893e+04 64 659 289 2890  3  44   0  47   0   0   0   0   0   0   0   0  17  23   288 4 8 5.3333 
43 1.010866909082e+06 3.611409889530e+04 64 659 289 2890  3  44   0  46   0   0   0   0   0   0   0   0  19  25   309 4 8 5.3333 
44 1.050735720083e+06 3.986881100033e+04 64 659 289 2890  3  44   0  46   0   0   0   0   0   0   0   0  20  26   320 4 8 5.3333 
45 1.094296893824e+06 4.356117374141e+04 64 659 289 2890  4  56   0  59   0   0   0   0   0   0   0   0  23  31   374 4 8 5.3333 
46 1.141743913536e+06 4.744701971173e+04 64 659 289 2890  4  54   0  60   0   0   0   0   0   0   0   0  25  33   399 4 8 5.3333 
47 1.192995502209e+06 5.125158867302e+04 64 659 289 2890  4  54   0  59   0   0   0   0   0   0   0   0  25  33   398 4 8 5.3333 
48 1.247459593893e+06 5.446409168407e+04 64 659 289 2890  4  54   0  59   0   0   0   0   0   0   0   0  25  33   397 4 8 5.3333 
49 1.304928024267e+06 5.746843037450e+04 64 659 289 2890  4  54   0  59   0   0   0   0   0   0   0   0  24  32   384 4 8 5.3333 
50 1.365226021477e+06 6.029799720911e+04 64 659 289 2890  4  52   0  59   0   0   0   0   0   0   0   0  24  32   386 4 8 5.3333 
51 1.428313838682e+06 6.308781720533e+04 64 659 289 2890  4  50   0  58   0   0   0   0   0   0   0   0  22  30   361 4 8 5.3333 
52 1.494107827212e+06 6.579398853049e+04 64 659 289 2890  4  50   0  58   0   0   0   0   0   0   0   0  22  30   360 4 8 5.3333 
53 1.562433256909e+06 6.832542969658e+04 64 659 289 2890  4  50   0  57   0   0   0   0   0   0   0   0  21  29   348 4 8 5.3333 
54 1.633083977612e+06 7.065072070313e+04 64 659 289 2890  3  39   0  44   0   0   0   0   0   0   0   0  16  22   263 4 8 5.3333 
55 1.705872439186e+06 7.278846157437e+04 64 659 289 2890  3  38   0  43   0   0   0   0   0   0   0   0  16  22   263 4 8 5.3333 
56 1.780684253799e+06 7.481181461232e+04 64 659 289 2890  3  38   0  44   0   0   0   0   0   0   0   0  15  21   252 4 8 5.3333 
57 1.857447899808e+06 7.676364600959e+04 64 659 289 2890  3  38   0  45   0   0   0   0   0   0   0   0  15  21   253 4 8 5.3333 
58 1.936113382577e+06 7.866548276882e+04 64 659 289 2890  3  38   0  45   0   0   0   0   0   0   0   0  15  21   256 4 8 5.3333 
59 2.016648101448e+06 8.053471887048e+04 64 659 289 2890  3  38   0  45   0   0   0   0   0   0   0   0  16  22   276 4 8 5.3333 
60 2.097390833208e+06 8.074273176028e+04 64 659 289 2890  3  38   0  45   0   0   0   0   0   0   0   0  15  21   263 4 8 5.3333 
61 2.177910783522e+06 8.051995031446e+04 64 659 289 2890  3  40   0  45   0   0   0   0   0   0   0   0  15  21   255 4 8 5.3333 
62 2.259132070589e+06 8.122128706687e+04 64 659 289 2890  3  40   0  45   0   0   0   0   0   0   0   0  17  23   277 4 8 5.3333 
63 2.342052038300e+06 8.291996771028e+04 64 659 289 2890  3  40   0  46   0   0   0   0   0   0   0   0  17  23   276 4 8 5.3333 
64 2.425980951846e+06 8.392891354599e+04 64 659 289 2890 10 125 179 142 167 167 167 167 108 123 106 115  76  96  5386 4 8 5.3333 
65 2.505400734726e+06 7.941978288023e+04 64 659 289 2890 10 146 194 164 184 184 184 184 140 153 140 146 127 147  7569 4 8 5.3333 
66 2.571984839220e+06 6.658410449404e+04 64 659 289 2890  8 116 155 130 146 145 146 145 101 113  99 106  71  87  8743 4 8 5.3333 
67 2.629266071667e+06 5.728123244720e+04 64 659 289 2890 10 132 169 152 157 157 156 157 104 118 102 112  80 100 13547 4 8 5.3333 
68 2.705279099556e+06 7.601302788877e+04 64 659 289 2890 10 136 171 158 163 163 163 163  99 109  95 102  82 102  9465 4 8 5.3333 
69 2.778588016897e+06 7.330891734083e+04 64 659 289 2890  6  84 104  98 107 107 107 107  74  81  72  76  59  71  8937 4 8 5.3333 
70 2.853386145303e+06 7.479812840680e+04 64 659 289 2890 10 162 196 182 221 218 221 219 165 171 161 166 121 141 10739 4 8 5.3333 
71 2.879405650240e+06 2.601950493623e+04 64 659 289 2890 10 135 192 146 158 158 158 158 107 117 106 108  91 111  7549 4 8 5.3333 
72 2.959739849250e+06 8.033419901013e+04 64 659 289 2890 10 145 176 170 153 153 153 153 113 123 111 119  79  99 12957 4 8 5.3333 
73 3.000000000000e+06 4.026015075026e+04 64 659 289 2890  4  55  71  62  65  64  65  64  41  45  40  43  33  41  4164 4 8 5.3333 
