# 1: Time step number
# 2: Time (years)
# 3: Time step size (years)
# 4: Number of mesh cells
# 5: Number of Stokes degrees of freedom
# 6: Number of temperature degrees of freedom
# 7: Iterations for temperature solver
# 8: Iterations for Stokes solver
# 9: Velocity iterations in Stokes preconditioner
# 10: Schur complement iterations in Stokes preconditioner
# 11: Minimal cells per process
# 12: Maximal cells per process
# 13: Average cells per process
# 14: Minimal particles per process
# 15: Maximal particles per process
# 16: Average particles per process
# 17: Minimal local particle to cell ratio
# 18: Maximal local particle to cell ratio
# 19: Average local particle to cell ratio
# 20: Cache hits
# 21: Cache misses
# 22: Cache hit rate
# 23: Number of advected particles
# 24: Particle file name
# 25: Visualization file name
  0 0.000000000000e+00 0.000000000000e+00 512 4851 2145  0 32 34 330 40 44 42.6667 78  86 83.3333 1.9500 1.9545 1.9530  11 989 0.011 1000 output-box_batch/particles/particles-00000 output-box_batch/solution/solution-00000 
  1 1.000000000000e+05 1.000000000000e+05 512 4851 2145  9 31 33 329 40 44 42.6667 77  87 83.3333 1.9250 1.9773 1.9528 321 679 0.321 1000 output-box_batch/particles/particles-00001 output-box_batch/solution/solution-00001 
  2 2.000000000000e+05 1.000000000000e+05 512 4851 2145  9 31 33 330 40 44 42.6667 77  87 83.3333 1.9250 1.9773 1.9528  97 903 0.097 1000 output-box_batch/particles/particles-00002 output-box_batch/solution/solution-00002 
  3 3.000000000000e+05 1.000000000000e+05 512 4851 2145  9 32 34 340 40 44 42.6667 76  87 83.3333 1.9000 1.9773 1.9527  60 940 0.060 1000 output-box_batch/particles/particles-00003 output-box_batch/solution/solution-00003 
  4 4.000000000000e+05 1.000000000000e+05 512 4851 2145  9 32 34 340 40 44 42.6667 76  88 83.3333 1.9000 2.0000 1.9523  49 951 0.049 1000 output-box_batch/particles/particles-00004 output-box_batch/solution/solution-00004 
  5 5.000000000000e+05 1.000000000000e+05 512 4851 2145 10 33 35 350 40 44 42.6667 73  89 83.3333 1.8250 2.0227 1.9513  44 956 0.044 1000 output-box_batch/particles/particles-00005 output-box_batch/solution/solution-00005 
  6 6.000000000000e+05 1.000000000000e+05 512 4851 2145 12 33 35 350 40 44 42.6667 74  90 83.3333 1.8500 2.0455 1.9519  35 965 0.035 1000 output-box_batch/particles/particles-00006 output-box_batch/solution/solution-00006 
  7 6.819514232316e+05 8.195142323163e+04 512 4851 2145 16 32 34 340 40 44 42.6667 75  94 83.3333 1.8750 2.1364 1.9519  44 956 0.044 1000 output-box_batch/particles/particles-00007 output-box_batch/solution/solution-00007 
  8 7.227789313952e+05 4.082750816359e+04 512 4851 2145 18 31 33 330 40 44 42.6667 74  90 83.3333 1.8500 2.0455 1.9523  53 947 0.053 1000 output-box_batch/particles/particles-00008 output-box_batch/solution/solution-00008 
  9 7.505326696161e+05 2.775373822093e+04 512 4851 2145 19 30 32 320 40 44 42.6667 76  91 83.3333 1.8409 2.0682 1.9540  62 938 0.062 1000 output-box_batch/particles/particles-00009 output-box_batch/solution/solution-00009 
 10 7.716024850331e+05 2.106981541691e+04 512 4851 2145 19 29 31 310 40 44 42.6667 75  88 83.3333 1.8182 2.1500 1.9549  67 933 0.067 1000 output-box_batch/particles/particles-00010 output-box_batch/solution/solution-00010 
 11 7.885985582450e+05 1.699607321196e+04 512 4851 2145 19 28 30 300 40 44 42.6667 75  88 83.3333 1.8409 2.1250 1.9553  52 948 0.052 1000 output-box_batch/particles/particles-00011 output-box_batch/solution/solution-00011 
 12 8.028877390328e+05 1.428918078777e+04 512 4851 2145 19 27 29 290 40 44 42.6667 76  91 83.3333 1.7955 2.1750 1.9553  57 943 0.057 1000 output-box_batch/particles/particles-00012 output-box_batch/solution/solution-00012 
 13 8.152670632987e+05 1.237932426588e+04 512 4851 2145 19 27 29 290 40 44 42.6667 77  92 83.3333 1.7955 2.2500 1.9566  56 944 0.056 1000 output-box_batch/particles/particles-00013 output-box_batch/solution/solution-00013 
 14 8.261339087847e+05 1.086684548603e+04 512 4851 2145 19 26 28 280 40 44 42.6667 77  92 83.3333 1.7955 2.2750 1.9563  67 933 0.067 1000 output-box_batch/particles/particles-00014 output-box_batch/solution/solution-00014 
 15 8.358169141336e+05 9.683005348895e+03 512 4851 2145 19 26 28 280 40 44 42.6667 77  94 83.3333 1.7955 2.3500 1.9566  57 943 0.057 1000 output-box_batch/particles/particles-00015 output-box_batch/solution/solution-00015 
 16 8.445847031960e+05 8.767789062376e+03 512 4851 2145 19 26 28 280 40 44 42.6667 77  94 83.3333 1.7727 2.2500 1.9559  46 954 0.046 1000 output-box_batch/particles/particles-00016 output-box_batch/solution/solution-00016 
 17 8.526291670381e+05 8.044463842110e+03 512 4851 2145 19 25 27 270 40 44 42.6667 74  93 83.3333 1.6818 2.2250 1.9559  51 949 0.051 1000 output-box_batch/particles/particles-00017 output-box_batch/solution/solution-00017 
 18 8.600919242081e+05 7.462757169985e+03 512 4851 2145 19 25 27 270 40 44 42.6667 74  92 83.3333 1.6818 2.2750 1.9568  62 938 0.062 1000 output-box_batch/particles/particles-00018 output-box_batch/solution/solution-00018 
 19 8.670749015638e+05 6.982977355703e+03 512 4851 2145 19 25 27 269 40 44 42.6667 74  91 83.3333 1.6818 2.2750 1.9564  69 931 0.069 1000 output-box_batch/particles/particles-00019 output-box_batch/solution/solution-00019 
 20 8.736511103575e+05 6.576208793735e+03 512 4851 2145 19 25 27 269 40 44 42.6667 73  94 83.3333 1.6591 2.3500 1.9578  54 946 0.054 1000 output-box_batch/particles/particles-00020 output-box_batch/solution/solution-00020 
 21 8.798903463856e+05 6.239236028135e+03 512 4851 2145 19 25 27 270 40 44 42.6667 72  95 83.3333 1.6364 2.3750 1.9568  50 950 0.050 1000 output-box_batch/particles/particles-00021 output-box_batch/solution/solution-00021 
 22 8.858483431862e+05 5.957996800568e+03 512 4851 2145 19 24 26 260 40 44 42.6667 73  93 83.3333 1.6591 2.2250 1.9557  51 949 0.051 1000 output-box_batch/particles/particles-00022 output-box_batch/solution/solution-00022 
 23 8.915700351829e+05 5.721691996735e+03 512 4851 2145 19 24 26 260 40 44 42.6667 70  93 83.3333 1.7045 2.2000 1.9538  55 945 0.055 1000 output-box_batch/particles/particles-00023 output-box_batch/solution/solution-00023 
 24 8.970921973646e+05 5.522162181662e+03 512 4851 2145 19 24 26 260 40 44 42.6667 70  91 83.3333 1.7500 2.2000 1.9538  56 944 0.056 1000 output-box_batch/particles/particles-00024 output-box_batch/solution/solution-00024 
 25 9.024462316624e+05 5.354034297773e+03 512 4851 2145 19 24 26 260 40 44 42.6667 71  91 83.3333 1.7750 2.2000 1.9549  55 945 0.055 1000 output-box_batch/particles/particles-00025 output-box_batch/solution/solution-00025 
 26 9.076588281524e+05 5.212596490026e+03 512 4851 2145 19 23 25 250 40 44 42.6667 71  90 83.3333 1.7750 2.2500 1.9549  47 953 0.047 1000 output-box_batch/particles/particles-00026 output-box_batch/solution/solution-00026 
 27 9.127530009453e+05 5.094172792862e+03 512 4851 2145 19 23 25 250 40 44 42.6667 76  90 83.3333 1.7955 2.2000 1.9551  56 944 0.056 1000 output-box_batch/particles/particles-00027 output-box_batch/solution/solution-00027 
 28 9.177485168605e+05 4.995515915259e+03 512 4851 2145 19 23 25 250 40 44 42.6667 76  90 83.3333 1.7727 2.1500 1.9547  46 954 0.046 1000 output-box_batch/particles/particles-00028 output-box_batch/solution/solution-00028 
 29 9.226620286491e+05 4.913511788610e+03 512 4851 2145 19 23 25 250 40 44 42.6667 74  90 83.3333 1.7955 2.1750 1.9547  57 943 0.057 1000 output-box_batch/particles/particles-00029 output-box_batch/solution/solution-00029 
 30 9.275090460021e+05 4.847017352955e+03 512 4851 2145 19 23 25 251 40 44 42.6667 70  94 83.3333 1.7500 2.1364 1.9527  57 943 0.057 1000 output-box_batch/particles/particles-00030 output-box_batch/solution/solution-00030 
 31 9.323021241350e+05 4.793078132941e+03 512 4851 2145 18 23 25 252 40 44 42.6667 70  95 83.3333 1.7500 2.1591 1.9532  56 944 0.056 1000 output-box_batch/particles/particles-00031 output-box_batch/solution/solution-00031 
 32 9.370528815902e+05 4.750757455162e+03 512 4851 2145 18 23 25 252 40 44 42.6667 72  95 83.3333 1.7273 2.1591 1.9542  59 941 0.059 1000 output-box_batch/particles/particles-00032 output-box_batch/solution/solution-00032 
 33 9.417734941825e+05 4.720612592319e+03 512 4851 2145 18 24 26 263 40 44 42.6667 69  97 83.3333 1.7045 2.2045 1.9540  53 947 0.053 1000 output-box_batch/particles/particles-00033 output-box_batch/solution/solution-00033 
 34 9.464753113843e+05 4.701817201810e+03 512 4851 2145 18 24 26 265 40 44 42.6667 73  94 83.3333 1.7273 2.2000 1.9555  67 933 0.067 1000 output-box_batch/particles/particles-00034 output-box_batch/solution/solution-00034 
 35 9.511690278683e+05 4.693716483953e+03 512 4851 2145 18 24 26 265 40 44 42.6667 71  94 83.3333 1.7727 2.2000 1.9545  58 942 0.058 1000 output-box_batch/particles/particles-00035 output-box_batch/solution/solution-00035 
 36 9.558648211955e+05 4.695793327250e+03 512 4851 2145 18 23 25 257 40 44 42.6667 71  96 83.3333 1.7273 2.1818 1.9532  56 944 0.056 1000 output-box_batch/particles/particles-00036 output-box_batch/solution/solution-00036 
 37 9.605724649277e+05 4.707643732152e+03 512 4851 2145 18 23 25 258 40 44 42.6667 71  91 83.3333 1.7750 2.1000 1.9527  57 943 0.057 1000 output-box_batch/particles/particles-00037 output-box_batch/solution/solution-00037 
 38 9.653014264836e+05 4.728961555911e+03 512 4851 2145 18 23 25 260 40 44 42.6667 71  91 83.3333 1.7750 2.1000 1.9530  50 950 0.050 1000 output-box_batch/particles/particles-00038 output-box_batch/solution/solution-00038 
 39 9.700609564644e+05 4.759529980841e+03 512 4851 2145 18 23 25 260 40 44 42.6667 70  90 83.3333 1.7500 2.1750 1.9527  60 940 0.060 1000 output-box_batch/particles/particles-00039 output-box_batch/solution/solution-00039 
 40 9.748601708036e+05 4.799214339211e+03 512 4851 2145 18 23 25 258 40 44 42.6667 69  91 83.3333 1.7250 2.2000 1.9517  69 931 0.069 1000 output-box_batch/particles/particles-00040 output-box_batch/solution/solution-00040 
 41 9.797081252896e+05 4.847954486001e+03 512 4851 2145 18 23 25 254 40 44 42.6667 68  93 83.3333 1.7000 2.1750 1.9515  62 938 0.062 1000 output-box_batch/particles/particles-00041 output-box_batch/solution/solution-00041 
 42 9.846138760000e+05 4.905750710370e+03 512 4851 2145 19 24 26 264 40 44 42.6667 69  95 83.3333 1.7250 2.2250 1.9527  58 942 0.058 1000 output-box_batch/particles/particles-00042 output-box_batch/solution/solution-00042 
 43 9.895865206079e+05 4.972644607933e+03 512 4851 2145 19 24 26 261 40 44 42.6667 68  96 83.3333 1.7000 2.1818 1.9521  57 943 0.057 1000 output-box_batch/particles/particles-00043 output-box_batch/solution/solution-00043 
 44 9.946352327998e+05 5.048712191825e+03 512 4851 2145 18 24 26 262 40 44 42.6667 67  96 83.3333 1.6750 2.1818 1.9506  71 929 0.071 1000 output-box_batch/particles/particles-00044 output-box_batch/solution/solution-00044 
 45 9.997693101908e+05 5.134077391035e+03 512 4851 2145 18 24 26 261 40 44 42.6667 64  96 83.3333 1.6000 2.1818 1.9500  60 940 0.060 1000 output-box_batch/particles/particles-00045 output-box_batch/solution/solution-00045 
 46 1.004998241522e+06 5.228931330706e+03 512 4851 2145 18 24 26 261 40 44 42.6667 66  94 83.3333 1.6500 2.1364 1.9492  63 937 0.063 1000 output-box_batch/particles/particles-00046 output-box_batch/solution/solution-00046 
 47 1.010331773017e+06 5.333531495941e+03 512 4851 2145 18 24 26 262 40 44 42.6667 69  91 83.3333 1.7250 2.0682 1.9508  65 935 0.065 1000 output-box_batch/particles/particles-00047 output-box_batch/solution/solution-00047 
 48 1.015779948571e+06 5.448175553983e+03 512 4851 2145 18 24 26 262 40 44 42.6667 70  93 83.3333 1.7500 2.1136 1.9521  68 932 0.068 1000 output-box_batch/particles/particles-00048 output-box_batch/solution/solution-00048 
 49 1.021353184485e+06 5.573235914058e+03 512 4851 2145 18 24 26 262 40 44 42.6667 71  93 83.3333 1.7500 2.1136 1.9521  74 926 0.074 1000 output-box_batch/particles/particles-00049 output-box_batch/solution/solution-00049 
 50 1.027062391871e+06 5.709207385174e+03 512 4851 2145 18 24 26 263 40 44 42.6667 71  97 83.3333 1.7727 2.2045 1.9513  81 919 0.081 1000 output-box_batch/particles/particles-00050 output-box_batch/solution/solution-00050 
 51 1.032919071325e+06 5.856679454134e+03 512 4851 2145 18 24 26 262 40 44 42.6667 73  96 83.3333 1.7955 2.1818 1.9511  71 929 0.071 1000 output-box_batch/particles/particles-00051 output-box_batch/solution/solution-00051 
 52 1.038935349307e+06 6.016277981745e+03 512 4851 2145 18 24 26 261 40 44 42.6667 72  95 83.3333 1.7500 2.1591 1.9509  78 922 0.078 1000 output-box_batch/particles/particles-00052 output-box_batch/solution/solution-00052 
 53 1.045124009752e+06 6.188660444961e+03 512 4851 2145 18 24 26 262 40 44 42.6667 72  95 83.3333 1.8000 2.1591 1.9500  73 927 0.073 1000 output-box_batch/particles/particles-00053 output-box_batch/solution/solution-00053 
 54 1.051235951418e+06 6.111941666698e+03 512 4851 2145 18 24 26 265 40 44 42.6667 68  96 83.3333 1.7000 2.1818 1.9509  71 929 0.071 1000 output-box_batch/particles/particles-00054 output-box_batch/solution/solution-00054 
 55 1.057217527046e+06 5.981575627924e+03 512 4851 2145 17 23 25 255 40 44 42.6667 68  97 83.3333 1.7000 2.2045 1.9504  74 926 0.074 1000 output-box_batch/particles/particles-00055 output-box_batch/solution/solution-00055 
 56 1.063117103878e+06 5.899576832315e+03 512 4851 2145 17 23 25 256 40 44 42.6667 68 101 83.3333 1.7000 2.2955 1.9502  82 918 0.082 1000 output-box_batch/particles/particles-00056 output-box_batch/solution/solution-00056 
 57 1.068978846544e+06 5.861742665748e+03 512 4851 2145 16 23 25 259 40 44 42.6667 69 101 83.3333 1.7250 2.2955 1.9509  71 929 0.071 1000 output-box_batch/particles/particles-00057 output-box_batch/solution/solution-00057 
 58 1.074842025608e+06 5.863179063662e+03 512 4851 2145 16 23 25 258 40 44 42.6667 70 101 83.3333 1.7500 2.2955 1.9528  82 918 0.082 1000 output-box_batch/particles/particles-00058 output-box_batch/solution/solution-00058 
 59 1.080742000710e+06 5.899975102046e+03 512 4851 2145 16 23 25 259 40 44 42.6667 70  98 83.3333 1.7500 2.2273 1.9513  83 917 0.083 1000 output-box_batch/particles/particles-00059 output-box_batch/solution/solution-00059 
 60 1.086710830333e+06 5.968829622846e+03 512 4851 2145 16 23 25 258 40 44 42.6667 66  94 83.3333 1.6500 2.1364 1.9509  89 911 0.089 1000 output-box_batch/particles/particles-00060 output-box_batch/solution/solution-00060 
 61 1.092777676896e+06 6.066846562984e+03 512 4851 2145 16 23 25 257 40 44 42.6667 67  94 83.3333 1.6750 2.1364 1.9506  91 909 0.091 1000 output-box_batch/particles/particles-00061 output-box_batch/solution/solution-00061 
 62 1.098953743460e+06 6.176066563801e+03 512 4851 2145 16 23 25 256 40 44 42.6667 71  93 83.3333 1.7750 2.1136 1.9509  87 913 0.087 1000 output-box_batch/particles/particles-00062 output-box_batch/solution/solution-00062 
 63 1.105258617324e+06 6.304873864693e+03 512 4851 2145 16 23 25 254 40 44 42.6667 71  95 83.3333 1.7045 2.1591 1.9515  92 908 0.092 1000 output-box_batch/particles/particles-00063 output-box_batch/solution/solution-00063 
 64 1.111715925602e+06 6.457308278093e+03 512 4851 2145 16 23 25 254 40 44 42.6667 70  95 83.3333 1.7500 2.1591 1.9511 108 892 0.108 1000 output-box_batch/particles/particles-00064 output-box_batch/solution/solution-00064 
 65 1.118347184453e+06 6.631258850992e+03 512 4851 2145 16 23 25 255 40 44 42.6667 71  93 83.3333 1.7750 2.1136 1.9506  89 911 0.089 1000 output-box_batch/particles/particles-00065 output-box_batch/solution/solution-00065 
 66 1.125171815535e+06 6.824631081699e+03 512 4851 2145 16 23 25 253 40 44 42.6667 70  92 83.3333 1.7500 2.0909 1.9504 104 896 0.104 1000 output-box_batch/particles/particles-00066 output-box_batch/solution/solution-00066 
 67 1.132207082956e+06 7.035267420725e+03 512 4851 2145 16 23 25 255 40 44 42.6667 75  95 83.3333 1.7955 2.1591 1.9515  93 907 0.093 1000 output-box_batch/particles/particles-00067 output-box_batch/solution/solution-00067 
 68 1.139468100425e+06 7.261017469428e+03 512 4851 2145 16 23 25 256 40 44 42.6667 75  93 83.3333 1.8182 2.1136 1.9519  83 917 0.083 1000 output-box_batch/particles/particles-00068 output-box_batch/solution/solution-00068 
 69 1.146967921179e+06 7.499820753638e+03 512 4851 2145 16 23 25 258 40 44 42.6667 74  93 83.3333 1.7273 2.1136 1.9523  91 909 0.091 1000 output-box_batch/particles/particles-00069 output-box_batch/solution/solution-00069 
 70 1.154717747867e+06 7.749826687932e+03 512 4851 2145 16 23 25 263 40 44 42.6667 73  93 83.3333 1.6591 2.1136 1.9534 105 895 0.105 1000 output-box_batch/particles/particles-00070 output-box_batch/solution/solution-00070 
 71 1.162727194008e+06 8.009446140947e+03 512 4851 2145 16 23 25 264 40 44 42.6667 71  94 83.3333 1.6136 2.1364 1.9547 103 897 0.103 1000 output-box_batch/particles/particles-00071 output-box_batch/solution/solution-00071 
 72 1.171004538015e+06 8.277344007068e+03 512 4851 2145 16 23 25 266 40 44 42.6667 74  98 83.3333 1.6818 2.2273 1.9536  94 906 0.094 1000 output-box_batch/particles/particles-00072 output-box_batch/solution/solution-00072 
 73 1.179556921225e+06 8.552383209985e+03 512 4851 2145 16 23 25 265 40 44 42.6667 75  99 83.3333 1.7045 2.2500 1.9538  92 908 0.092 1000 output-box_batch/particles/particles-00073 output-box_batch/solution/solution-00073 
 74 1.188390502118e+06 8.833580892887e+03 512 4851 2145 16 23 25 269 40 44 42.6667 76  99 83.3333 1.7500 2.2500 1.9536  95 905 0.095 1000 output-box_batch/particles/particles-00074 output-box_batch/solution/solution-00074 
 75 1.197510608869e+06 9.120106751161e+03 512 4851 2145 16 24 26 276 40 44 42.6667 74  97 83.3333 1.6818 2.2045 1.9538  95 905 0.095 1000 output-box_batch/particles/particles-00075 output-box_batch/solution/solution-00075 
 76 1.206921914328e+06 9.411305459265e+03 512 4851 2145 16 24 26 274 40 44 42.6667 74  96 83.3333 1.7045 2.1818 1.9538 106 894 0.106 1000 output-box_batch/particles/particles-00076 output-box_batch/solution/solution-00076 
 77 1.216628658607e+06 9.706744279150e+03 512 4851 2145 16 24 26 272 40 44 42.6667 72  98 83.3333 1.6364 2.2273 1.9525 104 896 0.104 1000 output-box_batch/particles/particles-00077 output-box_batch/solution/solution-00077 
 78 1.226634939869e+06 1.000628126218e+04 512 4851 2145 16 24 26 268 40 44 42.6667 71  99 83.3333 1.6136 2.2500 1.9538 108 892 0.108 1000 output-box_batch/particles/particles-00078 output-box_batch/solution/solution-00078 
 79 1.236945110973e+06 1.031017110346e+04 512 4851 2145 16 24 26 266 40 44 42.6667 72 100 83.3333 1.6364 2.2727 1.9532 102 898 0.102 1000 output-box_batch/particles/particles-00079 output-box_batch/solution/solution-00079 
 80 1.247564128215e+06 1.061901724190e+04 512 4851 2145 16 25 27 277 40 44 42.6667 71 102 83.3333 1.6136 2.3182 1.9513 103 897 0.103 1000 output-box_batch/particles/particles-00080 output-box_batch/solution/solution-00080 
 81 1.258488134678e+06 1.092400646296e+04 512 4851 2145 16 25 27 276 40 44 42.6667 72 100 83.3333 1.6818 2.2727 1.9517 117 883 0.117 1000 output-box_batch/particles/particles-00081 output-box_batch/solution/solution-00081 
 82 1.269716337222e+06 1.122820254448e+04 512 4851 2145 16 25 27 273 40 44 42.6667 69  98 83.3333 1.7045 2.2273 1.9511 101 899 0.101 1000 output-box_batch/particles/particles-00082 output-box_batch/solution/solution-00082 
 83 1.281256122396e+06 1.153978517365e+04 512 4851 2145 16 25 27 272 40 44 42.6667 69  98 83.3333 1.7250 2.2273 1.9504 110 890 0.110 1000 output-box_batch/particles/particles-00083 output-box_batch/solution/solution-00083 
 84 1.293116332242e+06 1.186020984641e+04 512 4851 2145 16 25 27 272 40 44 42.6667 67  98 83.3333 1.6750 2.2273 1.9500  97 903 0.097 1000 output-box_batch/particles/particles-00084 output-box_batch/solution/solution-00084 
 85 1.305307368386e+06 1.219103614411e+04 512 4851 2145 16 25 27 274 40 44 42.6667 64 100 83.3333 1.5909 2.2727 1.9491 121 879 0.121 1000 output-box_batch/particles/particles-00085 output-box_batch/solution/solution-00085 
 86 1.317841209217e+06 1.253384083046e+04 512 4851 2145 16 25 27 272 40 44 42.6667 68  98 83.3333 1.6818 2.2273 1.9492  90 910 0.090 1000 output-box_batch/particles/particles-00086 output-box_batch/solution/solution-00086 
 87 1.330731308132e+06 1.289009891512e+04 512 4851 2145 15 25 27 270 40 44 42.6667 65  97 83.3333 1.6250 2.2045 1.9485 108 892 0.108 1000 output-box_batch/particles/particles-00087 output-box_batch/solution/solution-00087 
 88 1.343992432711e+06 1.326112457891e+04 512 4851 2145 15 26 28 283 40 44 42.6667 67  98 83.3333 1.6750 2.2273 1.9496 124 876 0.124 1000 output-box_batch/particles/particles-00088 output-box_batch/solution/solution-00088 
 89 1.357640432548e+06 1.364799983710e+04 512 4851 2145 15 26 28 284 40 44 42.6667 71 100 83.3333 1.7500 2.2727 1.9509 115 885 0.115 1000 output-box_batch/particles/particles-00089 output-box_batch/solution/solution-00089 
 90 1.371692178879e+06 1.405174633141e+04 512 4851 2145 15 26 28 283 40 44 42.6667 70 101 83.3333 1.7045 2.2955 1.9513 119 881 0.119 1000 output-box_batch/particles/particles-00090 output-box_batch/solution/solution-00090 
 91 1.386165510429e+06 1.447333154993e+04 512 4851 2145 15 26 28 281 40 44 42.6667 70  99 83.3333 1.6818 2.2500 1.9519 121 879 0.121 1000 output-box_batch/particles/particles-00091 output-box_batch/solution/solution-00091 
 92 1.401060028925e+06 1.489451849531e+04 512 4851 2145 15 26 28 281 40 44 42.6667 71 100 83.3333 1.7045 2.2727 1.9517 119 881 0.119 1000 output-box_batch/particles/particles-00092 output-box_batch/solution/solution-00092 
 93 1.416386932298e+06 1.532690337383e+04 512 4851 2145 15 26 28 282 40 44 42.6667 73 102 83.3333 1.7273 2.3182 1.9515 131 869 0.131 1000 output-box_batch/particles/particles-00093 output-box_batch/solution/solution-00093 
 94 1.432163637154e+06 1.577670485515e+04 512 4851 2145 15 26 28 283 40 44 42.6667 71 102 83.3333 1.7045 2.3182 1.9513 108 892 0.108 1000 output-box_batch/particles/particles-00094 output-box_batch/solution/solution-00094 
 95 1.448408127725e+06 1.624449057100e+04 512 4851 2145 15 26 28 281 40 44 42.6667 70 102 83.3333 1.7273 2.3182 1.9506 100 900 0.100 1000 output-box_batch/particles/particles-00095 output-box_batch/solution/solution-00095 
 96 1.465138916422e+06 1.673078869710e+04 512 4851 2145 15 27 29 291 40 44 42.6667 72 103 83.3333 1.7045 2.3409 1.9509 119 881 0.119 1000 output-box_batch/particles/particles-00096 output-box_batch/solution/solution-00096 
 97 1.482374974377e+06 1.723605795511e+04 512 4851 2145 15 27 29 290 40 44 42.6667 75 103 83.3333 1.7500 2.3409 1.9523 127 873 0.127 1000 output-box_batch/particles/particles-00097 output-box_batch/solution/solution-00097 
 98 1.500135612602e+06 1.776063822512e+04 512 4851 2145 15 27 29 290 40 44 42.6667 76 104 83.3333 1.7955 2.3636 1.9521 124 876 0.124 1000 output-box_batch/particles/particles-00098 output-box_batch/solution/solution-00098 
 99 1.518440328848e+06 1.830471624577e+04 512 4851 2145 14 27 29 290 40 44 42.6667 74 105 83.3333 1.8182 2.3864 1.9515 122 878 0.122 1000 output-box_batch/particles/particles-00099 output-box_batch/solution/solution-00099 
100 1.537308915057e+06 1.886858620916e+04 512 4851 2145 14 27 29 290 40 44 42.6667 71 106 83.3333 1.7727 2.4091 1.9508 117 883 0.117 1000 output-box_batch/particles/particles-00100 output-box_batch/solution/solution-00100 
101 1.556760591701e+06 1.945167664456e+04 512 4851 2145 14 27 29 290 40 44 42.6667 69 105 83.3333 1.7250 2.3864 1.9508 138 862 0.138 1000 output-box_batch/particles/particles-00101 output-box_batch/solution/solution-00101 
102 1.576774885326e+06 2.001429362437e+04 512 4851 2145 14 27 29 290 40 44 42.6667 70 105 83.3333 1.7500 2.3864 1.9511 115 885 0.115 1000 output-box_batch/particles/particles-00102 output-box_batch/solution/solution-00102 
103 1.597368137347e+06 2.059325202161e+04 512 4851 2145 14 27 29 290 40 44 42.6667 70 105 83.3333 1.7500 2.3864 1.9515 114 886 0.114 1000 output-box_batch/particles/particles-00103 output-box_batch/solution/solution-00103 
104 1.618556621149e+06 2.118848380138e+04 512 4851 2145 14 27 29 290 40 44 42.6667 72 105 83.3333 1.8000 2.3864 1.9517 113 887 0.113 1000 output-box_batch/particles/particles-00104 output-box_batch/solution/solution-00104 
105 1.640356560509e+06 2.179993936024e+04 512 4851 2145 14 27 29 291 40 44 42.6667 69 106 83.3333 1.7250 2.4091 1.9519 110 890 0.110 1000 output-box_batch/particles/particles-00105 output-box_batch/solution/solution-00105 
106 1.662784130130e+06 2.242756962150e+04 512 4851 2145 13 27 29 289 40 44 42.6667 66 105 83.3333 1.6500 2.3864 1.9519 117 883 0.117 1000 output-box_batch/particles/particles-00106 output-box_batch/solution/solution-00106 
107 1.685855467478e+06 2.307133734764e+04 512 4851 2145 13 27 29 289 40 44 42.6667 65 105 83.3333 1.6250 2.3864 1.9521  94 906 0.094 1000 output-box_batch/particles/particles-00107 output-box_batch/solution/solution-00107 
108 1.709586700942e+06 2.373123346367e+04 512 4851 2145 13 27 29 289 40 44 42.6667 67 105 83.3333 1.6750 2.3864 1.9530 101 899 0.101 1000 output-box_batch/particles/particles-00108 output-box_batch/solution/solution-00108 
109 1.733993980851e+06 2.440727990957e+04 512 4851 2145 13 27 29 290 40 44 42.6667 68 107 83.3333 1.7000 2.4318 1.9536 108 892 0.108 1000 output-box_batch/particles/particles-00109 output-box_batch/solution/solution-00109 
110 1.759093492599e+06 2.509951174728e+04 512 4851 2145 13 26 28 280 40 44 42.6667 69 107 83.3333 1.7250 2.4318 1.9542 113 887 0.113 1000 output-box_batch/particles/particles-00110 output-box_batch/solution/solution-00110 
111 1.784901436239e+06 2.580794364020e+04 512 4851 2145 13 26 28 280 40 44 42.6667 69 107 83.3333 1.7250 2.4318 1.9538 116 884 0.116 1000 output-box_batch/particles/particles-00111 output-box_batch/solution/solution-00111 
112 1.811433972118e+06 2.653253587940e+04 512 4851 2145 13 26 28 280 40 44 42.6667 74 106 83.3333 1.7500 2.4091 1.9547 114 886 0.114 1000 output-box_batch/particles/particles-00112 output-box_batch/solution/solution-00112 
113 1.838707145015e+06 2.727317289723e+04 512 4851 2145 13 26 28 280 40 44 42.6667 74 106 83.3333 1.7727 2.4091 1.9540  99 901 0.099 1000 output-box_batch/particles/particles-00113 output-box_batch/solution/solution-00113 
114 1.866736814930e+06 2.802966991442e+04 512 4851 2145 13 26 28 280 40 44 42.6667 74 105 83.3333 1.7727 2.3864 1.9534 114 886 0.114 1000 output-box_batch/particles/particles-00114 output-box_batch/solution/solution-00114 
115 1.895508466306e+06 2.877165137624e+04 512 4851 2145 13 26 28 280 40 44 42.6667 72 107 83.3333 1.7955 2.4318 1.9528  95 905 0.095 1000 output-box_batch/particles/particles-00115 output-box_batch/solution/solution-00115 
116 1.924989293899e+06 2.948082759265e+04 512 4851 2145 12 26 28 280 40 44 42.6667 72 109 83.3333 1.7500 2.4773 1.9523 107 893 0.107 1000 output-box_batch/particles/particles-00116 output-box_batch/solution/solution-00116 
117 1.955188454296e+06 3.019916039716e+04 512 4851 2145 12 26 28 280 40 44 42.6667 70 109 83.3333 1.7500 2.4773 1.9517 114 886 0.114 1000 output-box_batch/particles/particles-00117 output-box_batch/solution/solution-00117 
118 1.986115019905e+06 3.092656560916e+04 512 4851 2145 12 26 28 279 40 44 42.6667 72 109 83.3333 1.7727 2.4773 1.9523 102 898 0.102 1000 output-box_batch/particles/particles-00118 output-box_batch/solution/solution-00118 
119 2.017778318283e+06 3.166329837758e+04 512 4851 2145 12 26 28 280 40 44 42.6667 73 107 83.3333 1.7955 2.4318 1.9515 109 891 0.109 1000 output-box_batch/particles/particles-00119 output-box_batch/solution/solution-00119 
120 2.050188380287e+06 3.241006200428e+04 512 4851 2145 12 26 28 280 40 44 42.6667 73 106 83.3333 1.8182 2.4091 1.9509 115 885 0.115 1000 output-box_batch/particles/particles-00120 output-box_batch/solution/solution-00120 
121 2.083356446399e+06 3.316806611157e+04 512 4851 2145 12 26 28 280 40 44 42.6667 71 107 83.3333 1.7727 2.4318 1.9506 106 894 0.106 1000 output-box_batch/particles/particles-00121 output-box_batch/solution/solution-00121 
122 2.117295420422e+06 3.393897402380e+04 512 4851 2145 12 27 29 289 40 44 42.6667 70 108 83.3333 1.7500 2.4545 1.9513 105 895 0.105 1000 output-box_batch/particles/particles-00122 output-box_batch/solution/solution-00122 
123 2.152020066672e+06 3.472464624966e+04 512 4851 2145 13 27 29 290 40 44 42.6667 72 105 83.3333 1.7955 2.3864 1.9519  89 911 0.089 1000 output-box_batch/particles/particles-00123 output-box_batch/solution/solution-00123 
124 2.187546593732e+06 3.552652706043e+04 512 4851 2145 13 26 28 280 40 44 42.6667 71 105 83.3333 1.7750 2.3864 1.9517  98 902 0.098 1000 output-box_batch/particles/particles-00124 output-box_batch/solution/solution-00124 
125 2.223863631264e+06 3.631703753149e+04 512 4851 2145 13 26 28 279 40 44 42.6667 71 106 83.3333 1.7727 2.4091 1.9521  91 909 0.091 1000 output-box_batch/particles/particles-00125 output-box_batch/solution/solution-00125 
126 2.260547002520e+06 3.668337125655e+04 512 4851 2145 13 27 29 290 40 44 42.6667 73 106 83.3333 1.7955 2.4091 1.9525 104 896 0.104 1000 output-box_batch/particles/particles-00126 output-box_batch/solution/solution-00126 
127 2.297649213001e+06 3.710221048022e+04 512 4851 2145 13 27 29 290 40 44 42.6667 74 105 83.3333 1.7955 2.3864 1.9528  87 913 0.087 1000 output-box_batch/particles/particles-00127 output-box_batch/solution/solution-00127 
128 2.335242132548e+06 3.759291954750e+04 512 4851 2145 13 27 29 290 40 44 42.6667 76 102 83.3333 1.8409 2.3182 1.9528  93 907 0.093 1000 output-box_batch/particles/particles-00128 output-box_batch/solution/solution-00128 
129 2.373418837042e+06 3.817670449353e+04 512 4851 2145 13 26 28 280 40 44 42.6667 74 102 83.3333 1.8182 2.3182 1.9521 102 898 0.102 1000 output-box_batch/particles/particles-00129 output-box_batch/solution/solution-00129 
130 2.412294289764e+06 3.887545272248e+04 512 4851 2145 13 26 28 280 40 44 42.6667 73 101 83.3333 1.7955 2.2955 1.9521  98 902 0.098 1000 output-box_batch/particles/particles-00130 output-box_batch/solution/solution-00130 
131 2.452004614037e+06 3.971032427278e+04 512 4851 2145 13 25 27 270 40 44 42.6667 72  99 83.3333 1.7727 2.2500 1.9519 106 894 0.106 1000 output-box_batch/particles/particles-00131 output-box_batch/solution/solution-00131 
132 2.492668914340e+06 4.066430030328e+04 512 4851 2145 13 25 27 270 40 44 42.6667 75  97 83.3333 1.7955 2.2045 1.9530  98 902 0.098 1000 output-box_batch/particles/particles-00132 output-box_batch/solution/solution-00132 
133 2.533397153931e+06 4.072823959054e+04 512 4851 2145 13 25 27 270 40 44 42.6667 74  94 83.3333 1.8182 2.1364 1.9528 104 896 0.104 1000 output-box_batch/particles/particles-00133 output-box_batch/solution/solution-00133 
134 2.573484567511e+06 4.008741358007e+04 512 4851 2145 13 25 27 270 40 44 42.6667 69  95 83.3333 1.7250 2.1591 1.9511 103 897 0.103 1000 output-box_batch/particles/particles-00134 output-box_batch/solution/solution-00134 
135 2.613072309647e+06 3.958774213643e+04 512 4851 2145 13 25 27 270 40 44 42.6667 68  95 83.3333 1.7000 2.1591 1.9513  90 910 0.090 1000 output-box_batch/particles/particles-00135 output-box_batch/solution/solution-00135 
136 2.652294020063e+06 3.922171041588e+04 512 4851 2145 13 24 26 260 40 44 42.6667 71  95 83.3333 1.7750 2.1591 1.9515  90 910 0.090 1000 output-box_batch/particles/particles-00136 output-box_batch/solution/solution-00136 
137 2.691270271786e+06 3.897625172239e+04 512 4851 2145 13 24 26 260 40 44 42.6667 69  94 83.3333 1.7250 2.1364 1.9509 111 889 0.111 1000 output-box_batch/particles/particles-00137 output-box_batch/solution/solution-00137 
138 2.730105479791e+06 3.883520800512e+04 512 4851 2145 13 25 27 270 40 44 42.6667 71  93 83.3333 1.7750 2.1136 1.9515  90 910 0.090 1000 output-box_batch/particles/particles-00138 output-box_batch/solution/solution-00138 
139 2.768886621800e+06 3.878114200917e+04 512 4851 2145 13 25 27 271 40 44 42.6667 72  95 83.3333 1.7955 2.1591 1.9519 103 897 0.103 1000 output-box_batch/particles/particles-00139 output-box_batch/solution/solution-00139 
140 2.807683316172e+06 3.879669437191e+04 512 4851 2145 13 25 27 272 40 44 42.6667 71  94 83.3333 1.7750 2.1364 1.9515  88 912 0.088 1000 output-box_batch/particles/particles-00140 output-box_batch/solution/solution-00140 
141 2.846548949703e+06 3.886563353109e+04 512 4851 2145 13 25 27 270 40 44 42.6667 71  94 83.3333 1.7750 2.1364 1.9515  93 907 0.093 1000 output-box_batch/particles/particles-00141 output-box_batch/solution/solution-00141 
142 2.885522648339e+06 3.897369863595e+04 512 4851 2145 13 24 26 260 40 44 42.6667 72  94 83.3333 1.8000 2.1364 1.9513  85 915 0.085 1000 output-box_batch/particles/particles-00142 output-box_batch/solution/solution-00142 
143 2.924631906955e+06 3.910925861596e+04 512 4851 2145 12 23 25 250 40 44 42.6667 73  93 83.3333 1.8250 2.1136 1.9519  97 903 0.097 1000 output-box_batch/particles/particles-00143 output-box_batch/solution/solution-00143 
144 2.963895671787e+06 3.926376483205e+04 512 4851 2145 12 23 25 250 40 44 42.6667 73  94 83.3333 1.8250 2.1364 1.9519  88 912 0.088 1000 output-box_batch/particles/particles-00144 output-box_batch/solution/solution-00144 
145 3.000000000000e+06 3.610432821320e+04 512 4851 2145 12 22 24 240 40 44 42.6667 73  95 83.3333 1.8182 2.1591 1.9515  92 908 0.092 1000 output-box_batch/particles/particles-00145 output-box_batch/solution/solution-00145 
