# 1: Time step number
# 2: Time (years)
# 3: Time step size (years)
# 4: Number of mesh cells
# 5: Number of Stokes degrees of freedom
# 6: Number of temperature degrees of freedom
# 7: Number of degrees of freedom for all compositions
# 8: Number of nonlinear iterations
# 9: Iterations for temperature solver
# 10: Iterations for composition solver 1
# 11: Iterations for composition solver 2
# 12: Iterations for composition solver 3
# 13: Iterations for composition solver 4
# 14: Iterations for composition solver 5
# 15: Iterations for composition solver 6
# 16: Iterations for composition solver 7
# 17: Iterations for composition solver 8
# 18: Iterations for composition solver 9
# 19: Iterations for composition solver 10
# 20: Iterations for Stokes solver
# 21: Velocity iterations in Stokes preconditioner
# 22: Schur complement iterations in Stokes preconditioner
# 23: Minimal cells per process
# 24: Maximal cells per process
# 25: Average cells per process
# 26: Cache hits
# 27: Cache misses
# 28: Cache hit rate
 0 0.000000000000e+00 0.000000000000e+00 192 1891 833 8330  2   0   0   0   0   0   0   0   0   0   0   0  16  20   189 16 16 16.0000 315024 3318 0.990 
 1 1.000000000000e+05 1.000000000000e+05 192 1891 833 8330 10  81   0 135   0   0   0   0   0   0   0   0  93 113  1129 16 16 16.0000 920594   50 1.000 
 2 2.000000000000e+05 1.000000000000e+05 192 1891 833 8330 10  85   0 133   0   0   0   0   0   0   0   0  81 101  1009 16 16 16.0000 920644    0 1.000 
 3 3.000000000000e+05 1.000000000000e+05 192 1891 833 8330 10  98   0 158   0   0   0   0   0   0   0   0  86 106  1054 16 16 16.0000 920644    0 1.000 
 4 4.000000000000e+05 1.000000000000e+05 192 1891 833 8330 10 161   0 237   0   0   0   0   0   0   0   0  91 111  1104 16 16 16.0000 920621   23 1.000 
 5 4.506312267011e+05 5.063122670110e+04 192 1891 833 8330 10 161   0 211   0   0   0   0   0   0   0   0  59  79   790 16 16 16.0000 493687  141 1.000 
 6 4.812453975913e+05 3.061417089016e+04 192 1891 833 8330 10 125   0 151   0   0   0   0   0   0   0   0  33  51   509 16 16 16.0000 320878  150 1.000 
 7 5.045021483669e+05 2.325675077566e+04 192 1891 833 8330  6  85   0  99   0   0   0   0   0   0   0   0  26  37   369 16 16 16.0000 256964  128 1.000 
 8 5.236720217357e+05 1.916987336879e+04 192 1891 833 8330  5  72   0  83   0   0   0   0   0   0   0   0  22  31   310 16 16 16.0000 220683  121 0.999 
 9 5.402261110575e+05 1.655408932177e+04 192 1891 833 8330  5  70   0  81   0   0   0   0   0   0   0   0  18  27   270 16 16 16.0000 198234  106 0.999 
10 5.549812554077e+05 1.475514435018e+04 192 1891 833 8330  5  62   0  66   0   0   0   0   0   0   0   0  15  23   230 16 16 16.0000 182676  112 0.999 
11 5.684486671720e+05 1.346741176436e+04 192 1891 833 8330  4  57   0  62   0   0   0   0   0   0   0   0  14  21   210 16 16 16.0000 172314  106 0.999 
12 5.808478995207e+05 1.239923234864e+04 192 1891 833 8330  4  56   0  56   0   0   0   0   0   0   0   0  15  22   220 16 16 16.0000 161945  107 0.999 
13 5.922870409239e+05 1.143914140329e+04 192 1891 833 8330  4  55   0  55   0   0   0   0   0   0   0   0  13  20   200 16 16 16.0000 155040  100 0.999 
14 6.030189897666e+05 1.073194884267e+04 192 1891 833 8330  4  54   0  56   0   0   0   0   0   0   0   0  13  20   200 16 16 16.0000 148128  100 0.999 
15 6.132297804481e+05 1.021079068146e+04 192 1891 833 8330  4  53   0  54   0   0   0   0   0   0   0   0  12  19   190 16 16 16.0000 144674   98 0.999 
16 6.230620442171e+05 9.832263769002e+03 192 1891 833 8330  4  48   0  44   0   0   0   0   0   0   0   0  11  17   170 16 16 16.0000 141222   94 0.999 
17 6.326293341053e+05 9.567289888207e+03 192 1891 833 8330  4  48   0  44   0   0   0   0   0   0   0   0  11  17   170 16 16 16.0000 137781   79 0.999 
18 6.420253841546e+05 9.396050049313e+03 192 1891 833 8330  4  53   0  53   0   0   0   0   0   0   0   0  11  18   180 16 16 16.0000 136054   78 0.999 
19 6.513306210417e+05 9.305236887149e+03 192 1891 833 8330  4  52   0  53   0   0   0   0   0   0   0   0  11  18   180 16 16 16.0000 136047   85 0.999 
20 6.606165842039e+05 9.285963162155e+03 192 1891 833 8330  4  52   0  53   0   0   0   0   0   0   0   0  11  18   182 16 16 16.0000 136054   78 0.999 
21 6.699485973527e+05 9.332013148835e+03 192 1891 833 8330  4  52   0  53   0   0   0   0   0   0   0   0  11  18   182 16 16 16.0000 136061   71 0.999 
22 6.793874743074e+05 9.438876954619e+03 192 1891 833 8330  4  53   0  53   0   0   0   0   0   0   0   0  11  18   183 16 16 16.0000 137782   78 0.999 
23 6.887339538359e+05 9.346479528568e+03 192 1891 833 8330  4  48   0  44   0   0   0   0   0   0   0   0  10  16   166 16 16 16.0000 136056   76 0.999 
24 6.978314383998e+05 9.097484563893e+03 192 1891 833 8330  4  46   0  44   0   0   0   0   0   0   0   0  10  16   165 16 16 16.0000 134337   67 1.000 
25 7.067954097993e+05 8.963971399495e+03 192 1891 833 8330  3  42   0  43   0   0   0   0   0   0   0   0  11  16   167 16 16 16.0000 132613   63 1.000 
26 7.156943087526e+05 8.898898953284e+03 192 1891 833 8330  3  42   0  43   0   0   0   0   0   0   0   0  11  16   168 16 16 16.0000 132609   67 0.999 
27 7.246133348064e+05 8.919026053789e+03 192 1891 833 8330  3  41   0  43   0   0   0   0   0   0   0   0  11  16   166 16 16 16.0000 132618   58 1.000 
28 7.336298652571e+05 9.016530450694e+03 192 1891 833 8330  3  41   0  42   0   0   0   0   0   0   0   0  11  16   165 16 16 16.0000 134357   47 1.000 
29 7.428137757806e+05 9.183910523520e+03 192 1891 833 8330  3  40   0  43   0   0   0   0   0   0   0   0  11  16   169 16 16 16.0000 134345   59 1.000 
30 7.522292091812e+05 9.415433400619e+03 192 1891 833 8330 10 137 187 145 182 182 182 182 136 146 126 135 155 175 14528 16 16 16.0000 137787   73 0.999 
31 7.619734300534e+05 9.744220872138e+03 192 1891 833 8330 10 158 194 161 191 191 191 191 156 162 143 152 278 298 31342 16 16 16.0000 139496   92 0.999 
32 7.721644049903e+05 1.019097493692e+04 192 1891 833 8330 10 152 192 156 185 181 185 182 149 158 139 148 325 345 55201 16 16 16.0000 142908  136 0.999 
33 7.828616389615e+05 1.069723397119e+04 192 1891 833 8330 10 150 192 154 183 183 186 186 154 156 144 153 316 336 42416 16 16 16.0000 148065  163 0.999 
34 7.940352163547e+05 1.117357739328e+04 192 1891 833 8330 10 151 191 154 194 193 196 196 152 161 143 152 308 328 48415 16 16 16.0000 151537  147 0.999 
35 8.044314401647e+05 1.039622380999e+04 192 1891 833 8330 10 142 196 149 183 184 183 183 145 154 135 144 296 316 39442 16 16 16.0000 144631  141 0.999 
36 8.166619054044e+05 1.223046523964e+04 192 1891 833 8330 10 133 196 147 179 178 179 179 138 148 127 136 191 211 29738 16 16 16.0000 161918  134 0.999 
37 8.294164846336e+05 1.275457922921e+04 192 1891 833 8330 10 130 190 140 180 180 180 180 121 133 111 121 113 133 17750 16 16 16.0000 165358  150 0.999 
38 8.423069381924e+05 1.289045355881e+04 192 1891 833 8330 10 159 218 171 206 203 205 203 164 173 154 162 243 263 47657 16 16 16.0000 167107  129 0.999 
39 8.550222482043e+05 1.271531001194e+04 192 1891 833 8330 10 150 199 163 188 188 188 188 151 162 141 151 238 258 30984 16 16 16.0000 165353  155 0.999 
40 8.685272313772e+05 1.350498317282e+04 192 1891 833 8330 10 155 201 168 195 193 200 199 159 167 149 159 235 255 39319 16 16 16.0000 172280  140 0.999 
41 8.784369967978e+05 9.909765420648e+03 192 1891 833 8330 10 140 182 148 172 172 172 172 143 152 132 141 236 256 29164 16 16 16.0000 141153  163 0.999 
42 8.911333014627e+05 1.269630466486e+04 192 1891 833 8330 10 135 193 147 170 170 170 170 135 145 125 135 179 199 22876 16 16 16.0000 165382  126 0.999 
43 9.078999124896e+05 1.676661102689e+04 192 1891 833 8330 10 118 183 125 144 144 143 144  93 103  85  93  76  96 11082 16 16 16.0000 199917  151 0.999 
44 9.268968985109e+05 1.899698602137e+04 192 1891 833 8330 10 120 190 125 137 137 137 137  90  99  83  90  65  85 10499 16 16 16.0000 218949  127 0.999 
45 9.472728739137e+05 2.037597540280e+04 192 1891 833 8330 10 118 190 127 141 140 141 141  92  99  83  89  65  85  9644 16 16 16.0000 231047  125 0.999 
46 9.687837045199e+05 2.151083060617e+04 192 1891 833 8330 10 116 181 128 134 134 135 135  93 101  83  92  68  88 12774 16 16 16.0000 241446   94 1.000 
47 9.915586520799e+05 2.277494755998e+04 192 1891 833 8330  6  78 109  88  94  93  94  94  66  70  60  65  52  64  8485 16 16 16.0000 251811   97 1.000 
48 1.015585346121e+06 2.402669404070e+04 192 1891 833 8330 10 111 171 124 137 137 137 137  89  97  80  87  61  81 12620 16 16 16.0000 263916   88 1.000 
49 1.040979935917e+06 2.539458979637e+04 192 1891 833 8330 10 116 163 132 144 144 145 145  92 101  82  90  60  80  9804 16 16 16.0000 274286   86 1.000 
50 1.067930286702e+06 2.695035078475e+04 192 1891 833 8330 10 112 177 127 137 137 137 137  87  97  78  87  64  84 11893 16 16 16.0000 288116   80 1.000 
51 1.096616092290e+06 2.868580558867e+04 192 1891 833 8330 10 112 165 130 131 131 130 131  86  94  77  84  64  84  9470 16 16 16.0000 303658   90 1.000 
52 1.127234398000e+06 3.061830570991e+04 192 1891 833 8330  8  98 140 114 114 114 114 114  81  86  73  79  60  76 11941 16 16 16.0000 320944   84 1.000 
53 1.159867256250e+06 3.263285824960e+04 192 1891 833 8330 10 119 165 139 137 137 137 137 101 108  90  98  71  91 12503 16 16 16.0000 338223   85 1.000 
54 1.194661373991e+06 3.479411774127e+04 192 1891 833 8330 10 122 166 142 142 142 143 142 103 111  92 102  80 100 13704 16 16 16.0000 355515   73 1.000 
55 1.231695521176e+06 3.703414718484e+04 192 1891 833 8330 10 112 162 129 127 128 127 128  94 100  85  91  66  86 13440 16 16 16.0000 376246   78 1.000 
56 1.271187148590e+06 3.949162741375e+04 192 1891 833 8330 10 106 160 126 118 118 120 119  89  96  80  86  63  83 12146 16 16 16.0000 396991   69 1.000 
57 1.313269635795e+06 4.208248720515e+04 192 1891 833 8330 10 107 161 125 121 121 121 121  95 103  85  94  59  79 11481 16 16 16.0000 419457   67 1.000 
58 1.357879398447e+06 4.460976265167e+04 192 1891 833 8330 10 104 155 123 117 118 119 119  88  95  80  86  58  78 11744 16 16 16.0000 441924   64 1.000 
59 1.404868050607e+06 4.698865216007e+04 192 1891 833 8330 10 100 153 122 122 122 122 122  90  98  81  90  63  83 12921 16 16 16.0000 460930   66 1.000 
60 1.454280480696e+06 4.941243008946e+04 192 1891 833 8330 10 102 152 122 123 123 123 123  93  99  86  92  69  89 13190 16 16 16.0000 483410   50 1.000 
61 1.500000000000e+06 4.571951930390e+04 192 1891 833 8330 10 100 156 120 118 118 118 118  97 101  89  92  82 102 11413 16 16 16.0000 450594   34 1.000 
