# 1: Time step number
# 2: Time (years)
# 3: Time step size (years)
# 4: Number of mesh cells
# 5: Number of Stokes degrees of freedom
# 6: Number of temperature degrees of freedom
# 7: Number of degrees of freedom for all compositions
# 8: Number of nonlinear iterations
# 9: Iterations for temperature solver
# 10: Iterations for composition solver 1
# 11: Iterations for composition solver 2
# 12: Iterations for composition solver 3
# 13: Iterations for composition solver 4
# 14: Iterations for composition solver 5
# 15: Iterations for composition solver 6
# 16: Iterations for composition solver 7
# 17: Iterations for composition solver 8
# 18: Iterations for composition solver 9
# 19: Iterations for composition solver 10
# 20: Iterations for Stokes solver
# 21: Velocity iterations in Stokes preconditioner
# 22: Schur complement iterations in Stokes preconditioner
# 23: Minimal cells per process
# 24: Maximal cells per process
# 25: Average cells per process
# 26: Cache hits
# 27: Cache misses
# 28: Cache hit rate
 0 0.000000000000e+00 0.000000000000e+00 192 1891 833 8330  2   0   0   0   0   0   0   0   0   0   0   0  16  20   189 16 16 16.0000 307200 11142 0.965 
 1 1.000000000000e+05 1.000000000000e+05 192 1891 833 8330 10  81   0 135   0   0   0   0   0   0   0   0  93 113  1129 16 16 16.0000 920564    80 1.000 
 2 2.000000000000e+05 1.000000000000e+05 192 1891 833 8330 10  85   0 133   0   0   0   0   0   0   0   0  81 101  1009 16 16 16.0000 920594    50 1.000 
 3 3.000000000000e+05 1.000000000000e+05 192 1891 833 8330 10  98   0 158   0   0   0   0   0   0   0   0  86 106  1054 16 16 16.0000 920522   122 1.000 
 4 4.000000000000e+05 1.000000000000e+05 192 1891 833 8330 10 161   0 237   0   0   0   0   0   0   0   0  91 111  1104 16 16 16.0000 920435   209 1.000 
 5 4.506312267011e+05 5.063122670110e+04 192 1891 833 8330 10 161   0 211   0   0   0   0   0   0   0   0  59  79   790 16 16 16.0000 493498   330 0.999 
 6 4.812453975913e+05 3.061417089016e+04 192 1891 833 8330 10 125   0 151   0   0   0   0   0   0   0   0  33  51   509 16 16 16.0000 320668   360 0.999 
 7 5.045021483669e+05 2.325675077566e+04 192 1891 833 8330  6  85   0  99   0   0   0   0   0   0   0   0  26  37   369 16 16 16.0000 256742   350 0.999 
 8 5.236720217357e+05 1.916987336879e+04 192 1891 833 8330  5  72   0  83   0   0   0   0   0   0   0   0  22  31   310 16 16 16.0000 220445   359 0.998 
 9 5.402261110575e+05 1.655408932177e+04 192 1891 833 8330  5  70   0  81   0   0   0   0   0   0   0   0  18  27   270 16 16 16.0000 197992   348 0.998 
10 5.549812554077e+05 1.475514435018e+04 192 1891 833 8330  5  62   0  66   0   0   0   0   0   0   0   0  15  23   230 16 16 16.0000 182421   367 0.998 
11 5.684486671720e+05 1.346741176436e+04 192 1891 833 8330  4  57   0  62   0   0   0   0   0   0   0   0  14  21   210 16 16 16.0000 172074   346 0.998 
12 5.808478995207e+05 1.239923234864e+04 192 1891 833 8330  4  56   0  56   0   0   0   0   0   0   0   0  15  22   220 16 16 16.0000 161687   365 0.998 
13 5.922870409239e+05 1.143914140329e+04 192 1891 833 8330  4  55   0  55   0   0   0   0   0   0   0   0  13  20   200 16 16 16.0000 154767   373 0.998 
14 6.030189897666e+05 1.073194884267e+04 192 1891 833 8330  4  54   0  56   0   0   0   0   0   0   0   0  13  20   200 16 16 16.0000 147834   394 0.997 
15 6.132297804481e+05 1.021079068146e+04 192 1891 833 8330  4  53   0  54   0   0   0   0   0   0   0   0  12  19   190 16 16 16.0000 144388   384 0.997 
16 6.230620442171e+05 9.832263769002e+03 192 1891 833 8330  4  48   0  44   0   0   0   0   0   0   0   0  11  17   170 16 16 16.0000 140902   414 0.997 
17 6.326293341053e+05 9.567289888207e+03 192 1891 833 8330  4  48   0  44   0   0   0   0   0   0   0   0  11  17   170 16 16 16.0000 137473   387 0.997 
18 6.420253841546e+05 9.396050049313e+03 192 1891 833 8330  4  53   0  53   0   0   0   0   0   0   0   0  11  18   180 16 16 16.0000 135728   404 0.997 
19 6.513306210417e+05 9.305236887149e+03 192 1891 833 8330  4  52   0  53   0   0   0   0   0   0   0   0  11  18   180 16 16 16.0000 135710   422 0.997 
20 6.606165842039e+05 9.285963162155e+03 192 1891 833 8330  4  52   0  53   0   0   0   0   0   0   0   0  11  18   182 16 16 16.0000 135698   434 0.997 
21 6.699485973527e+05 9.332013148835e+03 192 1891 833 8330  4  52   0  53   0   0   0   0   0   0   0   0  11  18   182 16 16 16.0000 135699   433 0.997 
22 6.793874743074e+05 9.438876954619e+03 192 1891 833 8330  4  53   0  53   0   0   0   0   0   0   0   0  11  18   183 16 16 16.0000 137434   426 0.997 
23 6.887339538359e+05 9.346479528568e+03 192 1891 833 8330  4  48   0  44   0   0   0   0   0   0   0   0  10  16   166 16 16 16.0000 135693   439 0.997 
24 6.978314383998e+05 9.097484563893e+03 192 1891 833 8330  4  46   0  44   0   0   0   0   0   0   0   0  10  16   165 16 16 16.0000 133972   432 0.997 
25 7.067954097993e+05 8.963971399495e+03 192 1891 833 8330  3  42   0  43   0   0   0   0   0   0   0   0  11  16   167 16 16 16.0000 132244   432 0.997 
26 7.156943087526e+05 8.898898953284e+03 192 1891 833 8330  3  42   0  43   0   0   0   0   0   0   0   0  11  16   168 16 16 16.0000 132255   421 0.997 
27 7.246133348064e+05 8.919026053789e+03 192 1891 833 8330  3  41   0  43   0   0   0   0   0   0   0   0  11  16   166 16 16 16.0000 132241   435 0.997 
28 7.336298652571e+05 9.016530450694e+03 192 1891 833 8330  3  41   0  42   0   0   0   0   0   0   0   0  11  16   165 16 16 16.0000 133976   428 0.997 
29 7.428137757806e+05 9.183910523520e+03 192 1891 833 8330  3  40   0  43   0   0   0   0   0   0   0   0  11  16   169 16 16 16.0000 133982   422 0.997 
30 7.522292091812e+05 9.415433400619e+03 192 1891 833 8330 10 137 187 145 182 182 182 182 136 146 126 135 155 175 14543 16 16 16.0000 137431   429 0.997 
31 7.619734300534e+05 9.744220872161e+03 192 1891 833 8330 10 157 194 161 191 190 191 191 153 162 142 152 281 301 31073 16 16 16.0000 139073   515 0.996 
32 7.721606307024e+05 1.018720064904e+04 192 1891 833 8330 10 153 193 160 185 184 185 184 154 164 143 153 301 321 41107 16 16 16.0000 142541   503 0.996 
33 7.828174877841e+05 1.065685708169e+04 192 1891 833 8330 10 150 188 149 179 175 180 180 148 151 138 147 314 334 43324 16 16 16.0000 147787   441 0.997 
34 7.939820897026e+05 1.116460191844e+04 192 1891 833 8330 10 149 192 156 190 189 190 190 149 160 141 148 308 328 38768 16 16 16.0000 151207   477 0.997 
35 8.056873139171e+05 1.170522421458e+04 192 1891 833 8330 10 150 196 156 193 194 193 193 154 164 143 153 291 311 50365 16 16 16.0000 156428   440 0.997 
36 8.174211045277e+05 1.173379061056e+04 192 1891 833 8330 10 143 192 151 178 178 178 178 137 147 126 136 227 247 36969 16 16 16.0000 156421   447 0.997 
37 8.302642981114e+05 1.284319358369e+04 192 1891 833 8330 10 117 176 128 162 162 162 162 109 121  99 109 113 133 17988 16 16 16.0000 166822   414 0.998 
38 8.434294891322e+05 1.316519102085e+04 192 1891 833 8330 10 160 212 172 205 205 205 205 164 172 152 161 223 243 39695 16 16 16.0000 168520   444 0.997 
39 8.564783718335e+05 1.304888270124e+04 192 1891 833 8330 10 153 203 167 196 199 198 199 156 165 146 156 237 257 42363 16 16 16.0000 168512   452 0.997 
40 8.700966286791e+05 1.361825684559e+04 192 1891 833 8330 10 151 204 164 192 188 193 193 153 161 143 152 243 263 38397 16 16 16.0000 173687   461 0.997 
41 8.844041603900e+05 1.430753171095e+04 192 1891 833 8330 10 152 204 167 193 193 194 193 158 166 147 155 230 250 29198 16 16 16.0000 178859   473 0.997 
42 8.922628312469e+05 7.858670856900e+03 192 1891 833 8330 10 125 167 136 148 148 149 149 124 134 114 124 222 242 33977 16 16 16.0000 123557   479 0.996 
43 9.087686958729e+05 1.650586462596e+04 192 1891 833 8330 10 116 173 123 145 146 145 144  94 105  84  92  72  92  9934 16 16 16.0000 197886   454 0.998 
44 9.276275348140e+05 1.885883894108e+04 192 1891 833 8330 10 119 191 126 144 144 144 144  95 100  88  92  69  89 12295 16 16 16.0000 218622   454 0.998 
45 9.480625778571e+05 2.043504304310e+04 192 1891 833 8330  7  90 143  99 109 109 109 109  73  79  66  72  57  71  9650 16 16 16.0000 232456   444 0.998 
46 9.697730029446e+05 2.171042508752e+04 192 1891 833 8330 10 118 182 129 139 140 138 139  91  99  82  90  66  86 12536 16 16 16.0000 242826   442 0.998 
47 9.927343903124e+05 2.296138736780e+04 192 1891 833 8330 10 116 162 128 132 132 132 132  90  97  80  87  65  85 12340 16 16 16.0000 253201   435 0.998 
48 1.016960460105e+06 2.422606979249e+04 192 1891 833 8330 10 114 170 126 131 131 132 132  90  98  81  89  68  88 13727 16 16 16.0000 265273   459 0.998 
49 1.042641327202e+06 2.568086709738e+04 192 1891 833 8330 10 115 161 131 140 140 140 140  88  97  80  88  65  85 11955 16 16 16.0000 277369   459 0.998 
50 1.069818892772e+06 2.717756556947e+04 192 1891 833 8330 10 113 165 127 136 136 136 136  89  94  80  84  63  83 12365 16 16 16.0000 289458   466 0.998 
51 1.098774955191e+06 2.895606241974e+04 192 1891 833 8330 10 113 162 127 135 134 135 135  85  94  75  85  67  87  8804 16 16 16.0000 305024   452 0.999 
52 1.129493395598e+06 3.071844040636e+04 192 1891 833 8330 10 118 178 134 142 142 142 142  95 101  85  93  71  91 14512 16 16 16.0000 320580   448 0.999 
53 1.162165160111e+06 3.267176451274e+04 192 1891 833 8330 10 122 170 139 138 139 138 138  97 104  87  97  68  88 12830 16 16 16.0000 337864   444 0.999 
54 1.196988858378e+06 3.482369826784e+04 192 1891 833 8330 10 121 162 142 136 136 137 136 102 110  92 100  75  95 14735 16 16 16.0000 356876   440 0.999 
55 1.234015051094e+06 3.702619271555e+04 192 1891 833 8330 10 111 162 127 122 122 122 122  94  97  83  90  67  87 11323 16 16 16.0000 375881   443 0.999 
56 1.273493013120e+06 3.947796202639e+04 192 1891 833 8330 10 111 154 131 123 124 123 123  96 103  86  95  67  87 13226 16 16 16.0000 396637   423 0.999 
57 1.315561943205e+06 4.206893008473e+04 192 1891 833 8330 10 104 159 123 120 119 120 120  89  97  81  87  53  73 10530 16 16 16.0000 419112   412 0.999 
58 1.360145598408e+06 4.458365520269e+04 192 1891 833 8330 10 111 156 133 124 124 124 125 100 106  90  97  68  88 14257 16 16 16.0000 439860   400 0.999 
59 1.407096069663e+06 4.695047125512e+04 192 1891 833 8330 10 102 154 125 120 120 119 120  93 101  85  92  50  70  9881 16 16 16.0000 460585   411 0.999 
60 1.456461670626e+06 4.936560096359e+04 192 1891 833 8330  9  96 138 116 112 114 113 113  89  98  80  89  60  78 11998 16 16 16.0000 481331   401 0.999 
61 1.500000000000e+06 4.353832937352e+04 192 1891 833 8330 10 100 150 120 118 118 118 118  92 100  82  91  82 102 10452 16 16 16.0000 431216   404 0.999 
