# 1: Time step number
# 2: Time (years)
# 3: Time step size (years)
# 4: Number of mesh cells
# 5: Number of Stokes degrees of freedom
# 6: Number of temperature degrees of freedom
# 7: Number of degrees of freedom for all compositions
# 8: Number of nonlinear iterations
# 9: Iterations for temperature solver
# 10: Iterations for composition solver 1
# 11: Iterations for composition solver 2
# 12: Iterations for composition solver 3
# 13: Iterations for composition solver 4
# 14: Iterations for composition solver 5
# 15: Iterations for composition solver 6
# 16: Iterations for composition solver 7
# 17: Iterations for composition solver 8
# 18: Iterations for composition solver 9
# 19: Iterations for composition solver 10
# 20: Iterations for Stokes solver
# 21: Velocity iterations in Stokes preconditioner
# 22: Schur complement iterations in Stokes preconditioner
# 23: Cache hits
# 24: Cache misses
# 25: Cache hit rate
  0 0.000000000000e+00 0.000000000000e+00 768 7235 3201 32010  2   0   0   0   0   0   0   0   0   0   0   0  41  45   438  454991 11455 0.975 
  1 1.000000000000e+05 1.000000000000e+05 768 7235 3201 32010 10  92   0 123   0   0   0   0   0   0   0   0 222 242  2410 3552420   208 1.000 
  2 2.000000000000e+05 1.000000000000e+05 768 7235 3201 32010 10  77   0 120   0   0   0   0   0   0   0   0 200 220  2186 3551222  1406 1.000 
  3 3.000000000000e+05 1.000000000000e+05 768 7235 3201 32010 10  87   0 161   0   0   0   0   0   0   0   0 206 226  2249 3550833  1795 0.999 
  4 4.000000000000e+05 1.000000000000e+05 768 7235 3201 32010 10 154   0 337   0   0   0   0   0   0   0   0 206 226  2249 3550231  2397 0.999 
  5 4.364126465996e+05 3.641264659965e+04 768 7235 3201 32010 10 123   0 209   0   0   0   0   0   0   0   0 105 125  1238 1351726  2886 0.998 
  6 4.615537001996e+05 2.514105359998e+04 768 7235 3201 32010  7  80   0 123   0   0   0   0   0   0   0   0  68  81   803  957852  2776 0.997 
  7 4.812755376383e+05 1.972183743868e+04 768 7235 3201 32010  6  69   0  95   0   0   0   0   0   0   0   0  55  66   653  771287  2717 0.996 
  8 4.976653499599e+05 1.638981232159e+04 768 7235 3201 32010  5  61   0  81   0   0   0   0   0   0   0   0  50  59   585  653762  2738 0.996 
  9 5.117701658212e+05 1.410481586131e+04 768 7235 3201 32010  6  67   0  85   0   0   0   0   0   0   0   0  46  57   564  577754  2714 0.995 
 10 5.242042571499e+05 1.243409132869e+04 768 7235 3201 32010  5  59   0  72   0   0   0   0   0   0   0   0  41  50   495  522421  2751 0.995 
 11 5.353632010591e+05 1.115894390922e+04 768 7235 3201 32010  4  50   0  61   0   0   0   0   0   0   0   0  38  45   447  474005  2783 0.994 
 12 5.455185826768e+05 1.015538161766e+04 768 7235 3201 32010  4  49   0  60   0   0   0   0   0   0   0   0  36  43   427  439398  2830 0.994 
 13 5.548657067261e+05 9.347124049328e+03 768 7235 3201 32010  4  49   0  59   0   0   0   0   0   0   0   0  34  41   407  411722  2858 0.993 
 14 5.635502418052e+05 8.684535079134e+03 768 7235 3201 32010  4  48   0  57   0   0   0   0   0   0   0   0  31  38   378  390991  2853 0.993 
 15 5.716840543667e+05 8.133812561455e+03 768 7235 3201 32010  4  48   0  57   0   0   0   0   0   0   0   0  29  36   359  370221  2887 0.992 
 16 5.793551722669e+05 7.671117900229e+03 768 7235 3201 32010  4  46   0  56   0   0   0   0   0   0   0   0  26  33   329  356364  2920 0.992 
 17 5.866343265943e+05 7.279154327366e+03 768 7235 3201 32010  4  45   0  55   0   0   0   0   0   0   0   0  24  31   309  342530  2930 0.992 
 18 5.935793707745e+05 6.945044180209e+03 768 7235 3201 32010  4  46   0  55   0   0   0   0   0   0   0   0  23  30   298  328683  2953 0.991 
 19 6.002383785494e+05 6.659007774877e+03 768 7235 3201 32010  3  39   0  46   0   0   0   0   0   0   0   0  22  27   270  321754  2970 0.991 
 20 6.066013931669e+05 6.363014617492e+03 768 7235 3201 32010  3  39   0  44   0   0   0   0   0   0   0   0  21  26   258  307944  2956 0.990 
 21 6.126749447857e+05 6.073551618884e+03 768 7235 3201 32010  3  39   0  46   0   0   0   0   0   0   0   0  21  26   259  301020  2968 0.990 
 22 6.184995939987e+05 5.824649212981e+03 768 7235 3201 32010  3  38   0  44   0   0   0   0   0   0   0   0  21  26   259  294100  2976 0.990 
 23 6.241094418227e+05 5.609847823963e+03 768 7235 3201 32010  3  37   0  44   0   0   0   0   0   0   0   0  21  26   260  287166  2998 0.990 
 24 6.295334836029e+05 5.424041780224e+03 768 7235 3201 32010  3  37   0  44   0   0   0   0   0   0   0   0  21  26   260  280260  2992 0.989 
 25 6.347966216826e+05 5.263138079646e+03 768 7235 3201 32010  3  37   0  44   0   0   0   0   0   0   0   0  21  26   260  273340  3000 0.989 
 26 6.399204636946e+05 5.123842012090e+03 768 7235 3201 32010  3  37   0  43   0   0   0   0   0   0   0   0  21  26   260  266442  2986 0.989 
 27 6.449239406291e+05 5.003476934470e+03 768 7235 3201 32010  3  36   0  44   0   0   0   0   0   0   0   0  21  26   259  266429  2999 0.989 
 28 6.498237970206e+05 4.899856391479e+03 768 7235 3201 32010  3  36   0  43   0   0   0   0   0   0   0   0  21  26   259  259520  2996 0.989 
 29 6.546349829183e+05 4.811185897752e+03 768 7235 3201 32010  3  36   0  44   0   0   0   0   0   0   0   0  21  26   260  259538  2978 0.989 
 30 6.593709672052e+05 4.735984286886e+03 768 7235 3201 32010  3  36   0  44   0   0   0   0   0   0   0   0  21  26   260  252635  2969 0.988 
 31 6.640439966273e+05 4.673029422027e+03 768 7235 3201 32010  3  36   0  42   0   0   0   0   0   0   0   0  21  26   260  252637  2967 0.988 
 32 6.686647017377e+05 4.620705110446e+03 768 7235 3201 32010  3  36   0  43   0   0   0   0   0   0   0   0  20  25   250  252630  2974 0.988 
 33 6.732420231353e+05 4.577321397586e+03 768 7235 3201 32010  3  37   0  42   0   0   0   0   0   0   0   0  20  25   250  245716  2976 0.988 
 34 6.777857854676e+05 4.543762332291e+03 768 7235 3201 32010  3  37   0  42   0   0   0   0   0   0   0   0  20  25   250  245700  2992 0.988 
 35 6.823051838316e+05 4.519398364020e+03 768 7235 3201 32010  3  38   0  42   0   0   0   0   0   0   0   0  19  24   240  245729  2963 0.988 
 36 6.868088917160e+05 4.503707884359e+03 768 7235 3201 32010  3  38   0  42   0   0   0   0   0   0   0   0  19  24   240  245710  2982 0.988 
 37 6.913051543618e+05 4.496262645807e+03 768 7235 3201 32010  3  37   0  41   0   0   0   0   0   0   0   0  19  24   240  245734  2958 0.988 
 38 6.958018612799e+05 4.496706918104e+03 768 7235 3201 32010  3  36   0  43   0   0   0   0   0   0   0   0  19  24   240  245756  2936 0.988 
 39 7.003066169501e+05 4.504755670198e+03 768 7235 3201 32010  3  37   0  42   0   0   0   0   0   0   0   0  19  24   240  245768  2924 0.988 
 40 7.048267942777e+05 4.520177327595e+03 768 7235 3201 32010  3  37   0  42   0   0   0   0   0   0   0   0  19  24   240  245777  2915 0.988 
 41 7.093609257827e+05 4.534131505058e+03 768 7235 3201 32010  3  37   0  42   0   0   0   0   0   0   0   0  19  24   240  245759  2933 0.988 
 42 7.138253574139e+05 4.464431631187e+03 768 7235 3201 32010  3  36   0  41   0   0   0   0   0   0   0   0  19  24   240  245759  2933 0.988 
 43 7.182339259131e+05 4.408568499164e+03 768 7235 3201 32010  3  35   0  41   0   0   0   0   0   0   0   0  19  24   240  245764  2928 0.988 
 44 7.225993201627e+05 4.365394249646e+03 768 7235 3201 32010  3  35   0  41   0   0   0   0   0   0   0   0  19  24   240  238865  2915 0.988 
 45 7.269332472419e+05 4.333927079134e+03 768 7235 3201 32010  3  35   0  41   0   0   0   0   0   0   0   0  19  24   240  238863  2917 0.988 
 46 7.312465773647e+05 4.313330122825e+03 768 7235 3201 32010  3  35   0  41   0   0   0   0   0   0   0   0  19  24   240  238857  2923 0.988 
 47 7.355494802768e+05 4.302902912077e+03 768 7235 3201 32010  3  35   0  41   0   0   0   0   0   0   0   0  18  23   230  238882  2898 0.988 
 48 7.398515196627e+05 4.302039385904e+03 768 7235 3201 32010  3  35   0  41   0   0   0   0   0   0   0   0  18  23   229  238904  2876 0.988 
 49 7.441618076285e+05 4.310287965857e+03 768 7235 3201 32010  3  34   0  40   0   0   0   0   0   0   0   0  18  23   229  238871  2909 0.988 
 50 7.484866884612e+05 4.324880832678e+03 768 7235 3201 32010  3  34   0  40   0   0   0   0   0   0   0   0  18  23   229  238892  2888 0.988 
 51 7.528335394029e+05 4.346850941738e+03 768 7235 3201 32010  3  34   0  40   0   0   0   0   0   0   0   0  18  23   229  238868  2912 0.988 
 52 7.572105047085e+05 4.376965305598e+03 768 7235 3201 32010  3  34   0  40   0   0   0   0   0   0   0   0  17  22   220  238901  2879 0.988 
 53 7.616254840846e+05 4.414979376070e+03 768 7235 3201 32010 10  87 181 103 129 129 129 129  42  52  34  42  86 106  1605  245812  2880 0.988 
 54 7.660862424356e+05 4.460758351024e+03 768 7235 3201 32010 10  85 170 107 139 139 139 139  73  85  63  75  66  86  1758  245795  2897 0.988 
 55 7.706006517456e+05 4.514409309953e+03 768 7235 3201 32010 10  88 166 108 126 126 126 126  66  77  56  66 100 120  5960  245778  2914 0.988 
 56 7.751766468048e+05 4.575995059248e+03 768 7235 3201 32010 10  90 151 111 144 144 144 144  89  99  79  88 128 148  6291  245795  2897 0.988 
 57 7.791777587141e+05 4.001111909250e+03 768 7235 3201 32010 10  92 154 110 141 141 141 141  93 103  80  89 162 182  8487  232089  2779 0.988 
 58 7.827835857056e+05 3.605826991570e+03 768 7235 3201 32010 10  82 143 100 134 134 134 134  86  96  76  86 166 186 10052  218065  2979 0.987 
 59 7.863897130901e+05 3.606127384439e+03 768 7235 3201 32010 10  85 147 102 132 132 131 132  85  93  77  82 159 179 10827  218005  3039 0.986 
 60 7.897110515721e+05 3.321338482040e+03 768 7235 3201 32010 10  92 144 107 139 139 139 139  84  94  76  84 222 242 14893  204330  2890 0.986 
 61 7.934205828334e+05 3.709531261305e+03 768 7235 3201 32010 10  98 152 113 154 153 153 153  94 104  85  94 251 271 13572  217969  3075 0.986 
 62 7.984284757742e+05 5.007892940740e+03 768 7235 3201 32010 10 110 162 126 170 170 170 170 117 128 107 117 259 279 11450  266565  2863 0.989 
 63 8.024194477813e+05 3.990972007142e+03 768 7235 3201 32010 10 103 154 117 156 156 156 156 112 123 102 110 283 303 10712  225050  2906 0.987 
 64 8.067456416391e+05 4.326193857830e+03 768 7235 3201 32010 10 104 155 120 154 153 153 153 115 127 103 112 321 341 14830  239053  2727 0.989 
 65 8.104675199584e+05 3.721878319244e+03 768 7235 3201 32010 10 103 151 120 152 150 150 150 115 125 105 113 397 417 19183  217998  3046 0.986 
 66 8.140495510946e+05 3.582031136242e+03 768 7235 3201 32010 10  99 146 114 146 145 145 145 112 121 101 109 423 443 20415  211149  2983 0.986 
 67 8.171794574713e+05 3.129906376649e+03 768 7235 3201 32010 10  86 128 101 131 131 131 131  94 103  84  93 388 408 23165  197279  3029 0.985 
 68 8.202447284671e+05 3.065270995858e+03 768 7235 3201 32010 10  84 127 101 126 127 127 127  91  99  82  89 408 428 28123  197348  2960 0.985 
 69 8.230546305835e+05 2.809902116316e+03 768 7235 3201 32010 10  81 118  93 121 120 121 120  84  93  76  84 430 450 28406  190412  2984 0.985 
 70 8.259123159168e+05 2.857685333382e+03 768 7235 3201 32010 10  85 123  97 122 122 122 122  84  93  75  82 492 512 36100  190311  3085 0.984 
 71 8.285849316011e+05 2.672615684276e+03 768 7235 3201 32010 10  96 133 109 137 137 136 137  98 106  89  96 666 686 46617  183303  3181 0.983 
 72 8.313779234936e+05 2.792991892520e+03 768 7235 3201 32010 10  85 122  99 126 126 126 126  85  94  76  84 518 538 38587  183079  3405 0.982 
 73 8.340756737320e+05 2.697750238332e+03 768 7235 3201 32010 10  83 119  94 123 123 123 123  83  90  76  82 521 541 38046  183273  3211 0.983 
 74 8.362769837113e+05 2.201309979336e+03 768 7235 3201 32010 10  82 117  91 124 124 123 123  80  89  73  80 547 567 38887  169611  3049 0.982 
 75 8.386082983102e+05 2.331314598946e+03 768 7235 3201 32010 10  86 115  95 125 125 125 124  85  93  75  84 638 658 51472  169401  3259 0.981 
 76 8.410456406989e+05 2.437342388706e+03 768 7235 3201 32010 10  83 117  93 126 126 126 126  85  92  76  83 667 687 54530  176552  3020 0.983 
 77 8.435852229163e+05 2.539582217362e+03 768 7235 3201 32010 10  84 120  94 126 126 126 126  86  96  78  86 628 648 52597  176150  3422 0.981 
 78 8.462180067453e+05 2.632783828958e+03 768 7235 3201 32010 10  77 117  89 116 116 116 116  79  87  70  78 635 655 55442  183295  3189 0.983 
 79 8.489465477329e+05 2.728540987584e+03 768 7235 3201 32010 10  81 120  91 121 121 121 121  82  89  74  81 616 636 58143  183086  3398 0.982 
 80 8.517428527709e+05 2.796305038003e+03 768 7235 3201 32010 10  82 124  95 124 124 124 124  88  95  79  86 676 696 62367  182878  3606 0.981 
 81 8.546243743885e+05 2.881521617670e+03 768 7235 3201 32010 10 101 146 119 143 142 142 142 106 113  95 104 911 931 77515  190017  3379 0.983 
 82 8.575784130761e+05 2.954038687619e+03 768 7235 3201 32010 10  93 137 112 129 129 129 129  96 104  86  94 844 864 73688  189969  3427 0.982 
 83 8.605470722002e+05 2.968659124073e+03 768 7235 3201 32010 10  99 153 117 134 134 134 134 105 111  95 100 741 761 58798  189992  3404 0.982 
 84 8.633613794537e+05 2.814307253502e+03 768 7235 3201 32010 10  89 128 104 126 126 126 126  96 103  87  95 459 479 33520  190508  2888 0.985 
 85 8.667146280322e+05 3.353248578476e+03 768 7235 3201 32010 10  95 139 111 136 136 136 136 102 107  92  97 468 488 33111  203560  3660 0.982 
 86 8.711882786175e+05 4.473650585333e+03 768 7235 3201 32010 10 100 153 125 148 148 147 148 108 116  98 106 499 519 23990  245310  3382 0.986 
 87 8.735388424597e+05 2.350563842126e+03 768 7235 3201 32010 10  88 132 102 125 125 125 125  96 103  87  94 522 542 34291  168989  3671 0.979 
 88 8.767602519014e+05 3.221409441764e+03 768 7235 3201 32010 10  90 134 107 133 133 132 132 101 109  92 101 413 433 28051  203815  3405 0.984 
 89 8.794071526732e+05 2.646900771775e+03 768 7235 3201 32010 10  93 138 115 127 127 127 127  99 108  89  98 476 496 25894  183147  3337 0.982 
 90 8.826694308147e+05 3.262278141513e+03 768 7235 3201 32010 10  91 136 110 124 124 124 123  96 104  88  95 409 429 23238  203916  3304 0.984 
 91 8.850016987627e+05 2.332267947996e+03 768 7235 3201 32010 10  90 128 107 119 120 120 118  92  99  83  90 389 409 18267  169286  3374 0.980 
 92 8.885598345684e+05 3.558135805652e+03 768 7235 3201 32010 10 100 139 117 129 129 129 129 101 110  92 100 392 412 22283  210822  3310 0.985 
 93 8.907959870621e+05 2.236152493702e+03 768 7235 3201 32010 10  80 123  99 114 113 114 113  83  90  78  83 321 341 16448  169265  3395 0.980 
 94 8.949427638096e+05 4.146776747542e+03 768 7235 3201 32010 10  95 139 113 124 124 124 123  98 107  91  97 347 367 20350  231722  3146 0.987 
 95 8.972049719938e+05 2.262208184163e+03 768 7235 3201 32010 10  79 113  93 104 104 104 104  79  85  72  79 267 287 12573  169196  3464 0.980 
 96 9.006838457724e+05 3.478873778616e+03 768 7235 3201 32010 10  93 129 106 116 116 117 116  89  98  85  89 448 468 20725  210848  3284 0.985 
 97 9.033237558297e+05 2.639910057370e+03 768 7235 3201 32010  9  74 100  86  99  99 100  99  74  80  67  72 300 318 14073  183149  3335 0.982 
 98 9.073470612759e+05 4.023305446133e+03 768 7235 3201 32010 10 100 137 115 125 125 125 124  98 106  90  96 511 531 22456  231551  3317 0.986 
 99 9.103508206660e+05 3.003759390127e+03 768 7235 3201 32010 10  83 112  98 112 112 112 112  82  89  75  82 391 411 18114  196994  3314 0.983 
100 9.146443056156e+05 4.293484949558e+03 768 7235 3201 32010 10 101 141 122 129 129 129 129 103 105  93 101 567 587 30853  238540  3240 0.987 
101 9.179020969345e+05 3.257791318946e+03 768 7235 3201 32010 10  98 135 118 125 125 125 126 100 107  91  97 597 617 26978  203821  3399 0.984 
102 9.208899083894e+05 2.987811454938e+03 768 7235 3201 32010 10  93 129 111 120 120 120 119  93  97  83  92 615 635 32383  189902  3494 0.982 
103 9.245313770966e+05 3.641468707131e+03 768 7235 3201 32010 10 106 137 118 129 128 129 129 100 108  91 100 576 596 31163  217968  3076 0.986 
104 9.277575244445e+05 3.226147347955e+03 768 7235 3201 32010 10  87 116 103 114 113 114 113  87  94  79  86 390 410 16773  203804  3416 0.984 
105 9.311832825240e+05 3.425758079486e+03 768 7235 3201 32010 10  97 135 115 124 124 124 123  97 103  87  97 507 527 24238  210989  3143 0.985 
106 9.341736138212e+05 2.990331297220e+03 768 7235 3201 32010 10  80 110  95 105 105 105 105  82  88  73  80 309 329 12560  189976  3420 0.982 
107 9.367735763097e+05 2.599962488418e+03 768 7235 3201 32010 10  87 125 106 117 117 117 116  88  97  78  87 458 478 24571  175943  3629 0.980 
108 9.386686473772e+05 1.895071067580e+03 768 7235 3201 32010 10  70  99  82  92  92  92  92  68  76  63  67 230 250 11862  162472  3276 0.980 
109 9.405850756411e+05 1.916428263876e+03 768 7235 3201 32010 10  69  99  82  89  89  89  89  67  75  61  67 226 246 11988  162473  3275 0.980 
110 9.425752134048e+05 1.990137763636e+03 768 7235 3201 32010 10  67  94  77  84  85  85  85  64  69  56  61 188 208  8778  162407  3341 0.980 
111 9.447743220544e+05 2.199108649646e+03 768 7235 3201 32010 10  69 102  80  95  95  93  93  69  76  59  69 192 212  9639  162208  3540 0.979 
112 9.473026731743e+05 2.528351119883e+03 768 7235 3201 32010 10  75 117  89  96  96  96  96  73  80  63  72 292 312 13817  175974  3598 0.980 
113 9.513581011852e+05 4.055428010960e+03 768 7235 3201 32010 10  77 114  90 106 106 106 106  75  81  66  72 198 218  8782  231389  3479 0.985 
114 9.562772673144e+05 4.919166129206e+03 768 7235 3201 32010 10  99 149 119 129 129 130 129  95 104  85  95 357 377 22662  259131  3385 0.987 
115 9.587737043400e+05 2.496437025519e+03 768 7235 3201 32010 10  82 112  94 110 110 111 110  80  87  71  78 305 325 16983  175928  3644 0.980 
116 9.620933027907e+05 3.319598450698e+03 768 7235 3201 32010 10  92 134 105 113 113 113 113  85  94  77  84 418 438 30171  203675  3545 0.983 
117 9.649441933979e+05 2.850890607275e+03 768 7235 3201 32010 10  83 114  95 107 107 107 107  83  90  75  81 378 398 22673  189951  3445 0.982 
118 9.696782533485e+05 4.734059950555e+03 768 7235 3201 32010 10  90 128 104 123 124 124 123  90  98  82  90 360 380 27251  252206  3398 0.987 
119 9.731648073735e+05 3.486554024999e+03 768 7235 3201 32010 10  83 116  94 110 110 110 110  86  92  77  84 371 391 15346  210746  3386 0.984 
120 9.798440512709e+05 6.679243897373e+03 768 7235 3201 32010 10  96 141 112 135 135 135 135 100 106  91  99 339 359 21028  321247  3477 0.989 
121 9.833628531021e+05 3.518801831259e+03 768 7235 3201 32010 10  80 112  90  98  99  99  99  76  84  68  76 336 356 14785  210646  3486 0.984 
122 9.939801810814e+05 1.061732797931e+04 768 7235 3201 32010 10 106 153 128 153 153 153 153 107 116  97 107 206 226 14828  459578  3386 0.993 
123 1.004946023085e+06 1.096584200352e+04 768 7235 3201 32010 10  97 146 109 118 118 118 117  90  99  81  90 109 129  5455  466432  3444 0.993 
124 1.016333994542e+06 1.138797145655e+04 768 7235 3201 32010 10  95 155 108 125 125 125 125  88  96  78  87 124 144  4826  480232  3468 0.993 
125 1.028059818819e+06 1.172582427719e+04 768 7235 3201 32010 10  98 161 108 119 119 119 119  87  97  77  87  75  95  3845  494131  3393 0.993 
126 1.040107268122e+06 1.204744930323e+04 768 7235 3201 32010 10  91 157 104 117 117 117 117  84  90  74  83  75  95  3106  507963  3385 0.993 
127 1.052482275546e+06 1.237500742389e+04 768 7235 3201 32010 10  88 175 103 116 116 116 116  85  92  75  84  63  83  3477  514861  3399 0.993 
128 1.065195463246e+06 1.271318770057e+04 768 7235 3201 32010 10  89 169 106 115 115 115 115  82  89  73  81  60  80  2235  528673  3411 0.994 
129 1.078261935304e+06 1.306647205736e+04 768 7235 3201 32010 10  91 171 108 113 113 113 113  84  92  73  83  65  85  2503  542493  3415 0.994 
130 1.091696579034e+06 1.343464373036e+04 768 7235 3201 32010 10  87 159 105 110 110 109 109  83  91  72  82  63  83  2214  556320  3412 0.994 
131 1.105514967592e+06 1.381838855799e+04 768 7235 3201 32010  4  42  51  51  53  52  52  52  40  43  35  39  22  29   290  570137  3419 0.994 
132 1.119733736151e+06 1.421876855913e+04 768 7235 3201 32010  4  41  52  51  54  53  53  53  39  43  35  39  21  28   280  583959  3421 0.994 
133 1.134368834372e+06 1.463509822091e+04 768 7235 3201 32010  4  41  51  51  53  53  52  52  38  42  34  38  22  29   290  597790  3414 0.994 
134 1.149436386820e+06 1.506755244762e+04 768 7235 3201 32010  4  41  51  51  55  55  55  54  38  42  34  38  22  29   290  611605  3423 0.994 
135 1.164952408477e+06 1.551602165705e+04 768 7235 3201 32010  4  41  50  51  53  53  53  53  38  42  34  38  23  30   303  625433  3419 0.995 
136 1.180932756538e+06 1.598034806120e+04 768 7235 3201 32010  4  41  50  51  52  51  51  52  38  42  34  38  23  30   303  639249  3427 0.995 
137 1.197392997272e+06 1.646024073422e+04 768 7235 3201 32010  4  40  50  51  51  51  51  51  38  42  34  38  23  30   303  659995  3417 0.995 
138 1.214343415702e+06 1.695041842973e+04 768 7235 3201 32010  4  40  49  51  51  51  51  51  38  42  35  38  24  31   313  673805  3431 0.995 
139 1.231777123426e+06 1.743370772364e+04 768 7235 3201 32010  4  40  48  51  51  51  51  51  38  42  34  38  24  31   312  694551  3421 0.995 
140 1.249705822017e+06 1.792869859148e+04 768 7235 3201 32010  4  40  48  52  51  51  51  51  38  42  35  38  25  32   321  708382  3414 0.995 
141 1.268140680473e+06 1.843485845547e+04 768 7235 3201 32010  4  39  48  52  51  51  51  51  38  42  35  38  25  32   322  729123  3409 0.995 
142 1.287092347219e+06 1.895166674599e+04 768 7235 3201 32010  4  39  48  52  51  51  51  51  39  42  35  38  25  32   323  742933  3423 0.995 
143 1.306570956960e+06 1.947860974178e+04 768 7235 3201 32010  4  39  48  53  51  51  51  51  41  43  37  38  25  32   322  763675  3417 0.996 
144 1.326586122875e+06 2.001516591513e+04 768 7235 3201 32010  4  38  48  53  51  51  51  51  41  42  37  37  25  32   322  784416  3412 0.996 
145 1.347146925544e+06 2.056080266871e+04 768 7235 3201 32010  4  38  48  53  51  51  51  51  40  41  36  37  26  33   333  798238  3414 0.996 
146 1.368261915672e+06 2.111499012819e+04 768 7235 3201 32010  4  38  49  52  51  51  51  51  40  41  36  37  26  33   333  818986  3402 0.996 
147 1.389939167045e+06 2.167725137312e+04 768 7235 3201 32010  4  38  49  51  52  52  52  52  40  42  36  38  27  34   341  839725  3399 0.996 
148 1.412148964527e+06 2.220979748167e+04 768 7235 3201 32010  4  37  49  51  52  52  52  52  40  42  35  38  27  34   341  860456  3404 0.996 
149 1.434892506376e+06 2.274354184881e+04 768 7235 3201 32010  4  37  49  50  52  52  52  52  40  42  35  38  26  33   330  874280  3404 0.996 
150 1.458173519112e+06 2.328101273590e+04 768 7235 3201 32010  4  36  49  50  52  52  52  52  40  42  35  38  26  33   330  895027  3393 0.996 
151 1.481995168899e+06 2.382164978747e+04 768 7235 3201 32010  4  36  49  49  52  52  52  52  39  42  35  38  27  34   340  915764  3392 0.996 
152 1.506359998058e+06 2.436482915886e+04 768 7235 3201 32010  4  35  49  49  52  52  52  52  39  42  35  38  26  33   331  929584  3396 0.996 
153 1.531269849956e+06 2.490985189770e+04 768 7235 3201 32010  4  35  49  47  52  52  52  52  39  42  35  38  27  34   341  950336  3380 0.996 
154 1.556725782459e+06 2.545593250360e+04 768 7235 3201 32010  4  35  49  47  52  52  52  52  39  42  35  38  27  34   341  971070  3382 0.997 
155 1.582728080415e+06 2.600229795559e+04 768 7235 3201 32010  4  35  49  47  51  52  52  52  39  42  35  38  27  34   340  991814  3374 0.997 
156 1.609276218129e+06 2.654813771421e+04 768 7235 3201 32010  4  35  49  47  51  51  51  51  39  42  35  39  27  34   340 1005644  3368 0.997 
157 1.636368863459e+06 2.709264533013e+04 768 7235 3201 32010  4  35  49  47  51  51  51  51  39  42  35  39  27  34   340 1026364  3384 0.997 
158 1.664003943080e+06 2.763507962035e+04 768 7235 3201 32010  4  34  49  46  51  51  51  51  39  42  35  39  27  34   340 1047111  3373 0.997 
159 1.692178693894e+06 2.817475081394e+04 768 7235 3201 32010  4  34  49  45  51  51  51  51  39  42  35  39  27  34   340 1060937  3371 0.997 
160 1.720889729845e+06 2.871103595152e+04 768 7235 3201 32010  4  34  49  46  50  50  50  50  39  41  35  38  27  34   340 1081667  3377 0.997 
161 1.750133100447e+06 2.924337060192e+04 768 7235 3201 32010  4  34  49  46  50  50  50  50  39  41  35  38  27  34   340 1102403  3377 0.997 
162 1.779904350653e+06 2.977125020628e+04 768 7235 3201 32010  4  34  49  46  51  51  51  51  39  42  35  38  25  32   320 1116219  3385 0.997 
163 1.810198516521e+06 3.029416586729e+04 768 7235 3201 32010  4  34  49  46  51  51  51  51  38  42  34  38  25  32   320 1136953  3387 0.997 
164 1.841010133933e+06 3.081161741223e+04 768 7235 3201 32010  4  31  49  46  51  51  51  51  38  42  34  38  25  32   320 1157687  3389 0.997 
165 1.872295478253e+06 3.128534431966e+04 768 7235 3201 32010  4  31  49  43  51  51  51  51  38  42  34  38  25  32   320 1171521  3379 0.997 
166 1.904043762919e+06 3.174828466629e+04 768 7235 3201 32010  4  31  48  43  51  51  51  51  38  42  34  38  24  31   310 1185340  3384 0.997 
167 1.936247565869e+06 3.220380295058e+04 768 7235 3201 32010  4  31  47  43  51  51  51  51  38  42  34  38  24  31   310 1206074  3386 0.997 
168 1.968898669198e+06 3.265110332867e+04 768 7235 3201 32010  4  31  47  43  51  51  51  51  38  42  34  38  23  30   300 1219896  3388 0.997 
169 2.001988055240e+06 3.308938604203e+04 768 7235 3201 32010  4  31  47  43  51  51  51  51  38  42  34  37  21  28   280 1233718  3390 0.997 
170 2.035505816802e+06 3.351776156215e+04 768 7235 3201 32010  4  31  47  43  50  50  50  50  37  40  34  37  21  28   280 1247551  3381 0.997 
171 2.069440825407e+06 3.393500860478e+04 768 7235 3201 32010  4  31  47  43  49  49  50  49  38  40  34  37  21  28   280 1261370  3386 0.997 
172 2.103780599738e+06 3.433977433093e+04 768 7235 3201 32010  4  31  46  43  49  49  49  49  37  40  33  37  20  27   270 1275192  3388 0.997 
173 2.138511145353e+06 3.473054561512e+04 768 7235 3201 32010  4  31  46  43  49  49  49  49  37  39  33  37  19  26   260 1289018  3386 0.997 
174 2.173616707458e+06 3.510556210468e+04 768 7235 3201 32010  4  30  45  42  48  48  48  48  37  39  33  36  18  25   250 1302848  3380 0.997 
175 2.209079991822e+06 3.546328436468e+04 768 7235 3201 32010  4  29  45  42  48  48  48  43  37  39  32  35  18  25   250 1316677  3375 0.997 
176 2.244882003358e+06 3.580201153513e+04 768 7235 3201 32010  4  29  45  41  48  43  43  43  36  39  32  35  18  25   249 1330500  3376 0.997 
177 2.281002211286e+06 3.612020792868e+04 768 7235 3201 32010  4  29  39  41  43  42  42  41  34  38  31  34  17  24   240 1337418  3370 0.997 
178 2.317418762009e+06 3.641655072221e+04 768 7235 3201 32010  4  29  39  41  43  42  42  42  35  39  32  35  17  24   240 1351234  3378 0.998 
179 2.354108391630e+06 3.668962962134e+04 768 7235 3201 32010  4  29  39  41  42  41  41  41  34  38  30  34  15  22   220 1358142  3382 0.998 
180 2.391047063178e+06 3.693867154852e+04 768 7235 3201 32010  3  23  32  35  34  34  35  35  29  32  26  29  15  20   200 1365057  3379 0.998 
181 2.428209851333e+06 3.716278815466e+04 768 7235 3201 32010  3  22  32  34  34  34  35  33  29  32  26  29  15  20   200 1371973  3375 0.998 
182 2.465571138568e+06 3.736128723475e+04 768 7235 3201 32010  3  22  32  35  33  33  33  33  29  32  26  29  15  20   200 1378885  3375 0.998 
183 2.503105122408e+06 3.753398384004e+04 768 7235 3201 32010  3  22  32  35  33  33  33  33  29  32  26  29  15  20   200 1385794  3378 0.998 
184 2.540786291727e+06 3.768116931932e+04 768 7235 3201 32010  3  22  31  35  33  33  33  33  29  31  26  29  15  20   200 1392707  3377 0.998 
185 2.578589403539e+06 3.780311181168e+04 768 7235 3201 32010  3  22  30  35  33  33  33  33  29  31  26  28  15  20   200 1399623  3373 0.998 
186 2.616489704775e+06 3.790030123619e+04 768 7235 3201 32010  3  22  30  35  33  33  33  33  29  31  26  28  14  19   190 1399624  3372 0.998 
187 2.654463251763e+06 3.797354698753e+04 768 7235 3201 32010  3  21  30  34  32  32  32  32  29  30  26  27  13  18   180 1399622  3374 0.998 
188 2.692487216049e+06 3.802396428611e+04 768 7235 3201 32010  3  22  30  34  32  32  32  32  29  30  26  27  13  18   180 1406534  3374 0.998 
189 2.730540023632e+06 3.805280758294e+04 768 7235 3201 32010  3  22  30  33  32  32  32  32  27  30  26  27  13  18   180 1406529  3379 0.998 
190 2.768601582415e+06 3.806155878362e+04 768 7235 3201 32010  3  22  30  34  32  32  32  32  27  30  26  27  13  18   180 1406534  3374 0.998 
191 2.806653413959e+06 3.805183154355e+04 768 7235 3201 32010  3  22  30  34  32  32  32  32  27  30  26  27  13  18   180 1406532  3376 0.998 
192 2.844678754820e+06 3.802534086111e+04 768 7235 3201 32010  3  22  30  34  32  32  32  32  27  30  25  27  13  18   180 1406535  3373 0.998 
193 2.882662641230e+06 3.798388640994e+04 768 7235 3201 32010  3  22  30  34  32  32  32  32  27  30  25  27  12  17   170 1399619  3377 0.998 
194 2.920590758953e+06 3.792811772279e+04 768 7235 3201 32010  3  22  30  34  32  32  32  32  27  30  24  27  12  17   170 1399626  3370 0.998 
195 2.958339808585e+06 3.774904963230e+04 768 7235 3201 32010  3  22  30  33  32  32  32  32  27  30  24  27  12  17   170 1392708  3376 0.998 
196 2.995915378493e+06 3.757556990780e+04 768 7235 3201 32010  3  22  30  33  31  32  32  32  27  30  24  27  12  17   170 1385801  3371 0.998 
197 3.000000000000e+06 4.084621507299e+03 768 7235 3201 32010  2  13  22  19  25  25  25  25  13  15  13  13   3   6    60  231497  3371 0.986 
