# 1: Time step number
# 2: Time (years)
# 3: Time step size (years)
# 4: Number of mesh cells
# 5: Number of Stokes degrees of freedom
# 6: Number of temperature degrees of freedom
# 7: Number of degrees of freedom for all compositions
# 8: Number of nonlinear iterations
# 9: Iterations for temperature solver
# 10: Iterations for composition solver 1
# 11: Iterations for composition solver 2
# 12: Iterations for composition solver 3
# 13: Iterations for composition solver 4
# 14: Iterations for composition solver 5
# 15: Iterations for composition solver 6
# 16: Iterations for composition solver 7
# 17: Iterations for composition solver 8
# 18: Iterations for composition solver 9
# 19: Iterations for composition solver 10
# 20: Iterations for Stokes solver
# 21: Velocity iterations in Stokes preconditioner
# 22: Schur complement iterations in Stokes preconditioner
# 23: Cache hits
# 24: Cache misses
# 25: Cache hit rate
 0 0.000000000000e+00 0.000000000000e+00 768 7235 3201 32010  2   0   0   0   0   0   0   0   0   0   0   0   41   45    438  465414 1032 0.998 
 1 1.000000000000e+05 1.000000000000e+05 768 7235 3201 32010 10  92   0 123   0   0   0   0   0   0   0   0  222  242   2410 3552628    0 1.000 
 2 2.000000000000e+05 1.000000000000e+05 768 7235 3201 32010 10  77   0 120   0   0   0   0   0   0   0   0  200  220   2186 3552628    0 1.000 
 3 3.000000000000e+05 1.000000000000e+05 768 7235 3201 32010 10  87   0 161   0   0   0   0   0   0   0   0  206  226   2249 3552628    0 1.000 
 4 4.000000000000e+05 1.000000000000e+05 768 7235 3201 32010 10 154   0 337   0   0   0   0   0   0   0   0  206  226   2249 3552628    0 1.000 
 5 4.364126465996e+05 3.641264659965e+04 768 7235 3201 32010 10 123   0 209   0   0   0   0   0   0   0   0  105  125   1238 1354579   33 1.000 
 6 4.615537001996e+05 2.514105359998e+04 768 7235 3201 32010  7  80   0 123   0   0   0   0   0   0   0   0   68   81    803  960595   33 1.000 
 7 4.812755376383e+05 1.972183743868e+04 768 7235 3201 32010  6  69   0  95   0   0   0   0   0   0   0   0   55   66    653  773979   25 1.000 
 8 4.976653499599e+05 1.638981232159e+04 768 7235 3201 32010  5  61   0  81   0   0   0   0   0   0   0   0   50   59    585  656470   30 1.000 
 9 5.117701658212e+05 1.410481586131e+04 768 7235 3201 32010  6  67   0  85   0   0   0   0   0   0   0   0   46   57    564  580435   33 1.000 
10 5.242042571499e+05 1.243409132869e+04 768 7235 3201 32010  5  59   0  72   0   0   0   0   0   0   0   0   41   50    495  525146   26 1.000 
11 5.353632010591e+05 1.115894390922e+04 768 7235 3201 32010  4  50   0  61   0   0   0   0   0   0   0   0   38   45    447  476766   22 1.000 
12 5.455185826768e+05 1.015538161766e+04 768 7235 3201 32010  4  49   0  60   0   0   0   0   0   0   0   0   36   43    427  442207   21 1.000 
13 5.548657067261e+05 9.347124049328e+03 768 7235 3201 32010  4  49   0  59   0   0   0   0   0   0   0   0   34   41    407  414552   28 1.000 
14 5.635502418052e+05 8.684535079134e+03 768 7235 3201 32010  4  48   0  57   0   0   0   0   0   0   0   0   31   38    378  393820   24 1.000 
15 5.716840543667e+05 8.133812561455e+03 768 7235 3201 32010  4  48   0  57   0   0   0   0   0   0   0   0   29   36    359  373085   23 1.000 
16 5.793551722669e+05 7.671117900229e+03 768 7235 3201 32010  4  46   0  56   0   0   0   0   0   0   0   0   26   33    329  359263   21 1.000 
17 5.866343265943e+05 7.279154327366e+03 768 7235 3201 32010  4  45   0  55   0   0   0   0   0   0   0   0   24   31    309  345437   23 1.000 
18 5.935793707745e+05 6.945044180209e+03 768 7235 3201 32010  4  46   0  55   0   0   0   0   0   0   0   0   23   30    298  331614   22 1.000 
19 6.002383785494e+05 6.659007774877e+03 768 7235 3201 32010  3  39   0  46   0   0   0   0   0   0   0   0   22   27    270  324703   21 1.000 
20 6.066013931669e+05 6.363014617492e+03 768 7235 3201 32010  3  39   0  44   0   0   0   0   0   0   0   0   21   26    258  310875   25 1.000 
21 6.126749447857e+05 6.073551618884e+03 768 7235 3201 32010  3  39   0  46   0   0   0   0   0   0   0   0   21   26    259  303969   19 1.000 
22 6.184995939987e+05 5.824649212981e+03 768 7235 3201 32010  3  38   0  44   0   0   0   0   0   0   0   0   21   26    259  297053   23 1.000 
23 6.241094418227e+05 5.609847823963e+03 768 7235 3201 32010  3  37   0  44   0   0   0   0   0   0   0   0   21   26    260  290140   24 1.000 
24 6.295334836029e+05 5.424041780224e+03 768 7235 3201 32010  3  37   0  44   0   0   0   0   0   0   0   0   21   26    260  283236   16 1.000 
25 6.347966216826e+05 5.263138079646e+03 768 7235 3201 32010  3  37   0  44   0   0   0   0   0   0   0   0   21   26    260  276316   24 1.000 
26 6.399204636946e+05 5.123842012090e+03 768 7235 3201 32010  3  37   0  43   0   0   0   0   0   0   0   0   21   26    260  269413   15 1.000 
27 6.449239406291e+05 5.003476934470e+03 768 7235 3201 32010  3  36   0  44   0   0   0   0   0   0   0   0   21   26    259  269407   21 1.000 
28 6.498237970206e+05 4.899856391479e+03 768 7235 3201 32010  3  36   0  43   0   0   0   0   0   0   0   0   21   26    259  262502   14 1.000 
29 6.546349829183e+05 4.811185897752e+03 768 7235 3201 32010  3  36   0  44   0   0   0   0   0   0   0   0   21   26    260  262494   22 1.000 
30 6.593709672052e+05 4.735984286886e+03 768 7235 3201 32010  3  36   0  44   0   0   0   0   0   0   0   0   21   26    260  255587   17 1.000 
31 6.640439966273e+05 4.673029422027e+03 768 7235 3201 32010  3  36   0  42   0   0   0   0   0   0   0   0   21   26    260  255581   23 1.000 
32 6.686647017377e+05 4.620705110446e+03 768 7235 3201 32010  3  36   0  43   0   0   0   0   0   0   0   0   20   25    250  255587   17 1.000 
33 6.732420231353e+05 4.577321397586e+03 768 7235 3201 32010  3  37   0  42   0   0   0   0   0   0   0   0   20   25    250  248676   16 1.000 
34 6.777857854676e+05 4.543762332291e+03 768 7235 3201 32010  3  37   0  42   0   0   0   0   0   0   0   0   20   25    250  248676   16 1.000 
35 6.823051838316e+05 4.519398364020e+03 768 7235 3201 32010  3  38   0  42   0   0   0   0   0   0   0   0   19   24    240  248679   13 1.000 
36 6.868088917160e+05 4.503707884359e+03 768 7235 3201 32010  3  38   0  42   0   0   0   0   0   0   0   0   19   24    240  248673   19 1.000 
37 6.913051543618e+05 4.496262645807e+03 768 7235 3201 32010  3  37   0  41   0   0   0   0   0   0   0   0   19   24    240  248675   17 1.000 
38 6.958018612799e+05 4.496706918104e+03 768 7235 3201 32010  3  36   0  43   0   0   0   0   0   0   0   0   19   24    240  248677   15 1.000 
39 7.003066169501e+05 4.504755670198e+03 768 7235 3201 32010  3  37   0  42   0   0   0   0   0   0   0   0   19   24    240  248678   14 1.000 
40 7.048267942777e+05 4.520177327595e+03 768 7235 3201 32010  3  37   0  42   0   0   0   0   0   0   0   0   19   24    240  248675   17 1.000 
41 7.093609257827e+05 4.534131505058e+03 768 7235 3201 32010  3  37   0  42   0   0   0   0   0   0   0   0   19   24    240  248681   11 1.000 
42 7.138253574139e+05 4.464431631187e+03 768 7235 3201 32010  3  36   0  41   0   0   0   0   0   0   0   0   19   24    240  248677   15 1.000 
43 7.182339259131e+05 4.408568499164e+03 768 7235 3201 32010  3  35   0  41   0   0   0   0   0   0   0   0   19   24    240  248675   17 1.000 
44 7.225993201627e+05 4.365394249646e+03 768 7235 3201 32010  3  35   0  41   0   0   0   0   0   0   0   0   19   24    240  241768   12 1.000 
45 7.269332472419e+05 4.333927079134e+03 768 7235 3201 32010  3  35   0  41   0   0   0   0   0   0   0   0   19   24    240  241767   13 1.000 
46 7.312465773647e+05 4.313330122825e+03 768 7235 3201 32010  3  35   0  41   0   0   0   0   0   0   0   0   19   24    240  241760   20 1.000 
47 7.355494802768e+05 4.302902912077e+03 768 7235 3201 32010  3  35   0  41   0   0   0   0   0   0   0   0   18   23    230  241767   13 1.000 
48 7.398515196627e+05 4.302039385904e+03 768 7235 3201 32010  3  35   0  41   0   0   0   0   0   0   0   0   18   23    229  241770   10 1.000 
49 7.441618076285e+05 4.310287965857e+03 768 7235 3201 32010  3  34   0  40   0   0   0   0   0   0   0   0   18   23    229  241767   13 1.000 
50 7.484866884612e+05 4.324880832678e+03 768 7235 3201 32010  3  34   0  40   0   0   0   0   0   0   0   0   18   23    229  241770   10 1.000 
51 7.528335394029e+05 4.346850941738e+03 768 7235 3201 32010  3  34   0  40   0   0   0   0   0   0   0   0   18   23    229  241764   16 1.000 
52 7.572105047085e+05 4.376965305598e+03 768 7235 3201 32010  3  34   0  40   0   0   0   0   0   0   0   0   17   22    220  241766   14 1.000 
53 7.616254840846e+05 4.414979376070e+03 768 7235 3201 32010  3  34   0  40   0   0   0   0   0   0   0   0   17   22    221  248678   14 1.000 
54 7.660862066141e+05 4.460722529541e+03 768 7235 3201 32010  3  33   0  40   0   0   0   0   0   0   0   0   17   22    221  248684    8 1.000 
55 7.706002417254e+05 4.514035111283e+03 768 7235 3201 32010  3  33   0  40   0   0   0   0   0   0   0   0   17   22    220  248681   11 1.000 
56 7.751750300260e+05 4.574788300576e+03 768 7235 3201 32010  3  33   0  40   0   0   0   0   0   0   0   0   17   22    222  248683    9 1.000 
57 7.798179200366e+05 4.642890010613e+03 768 7235 3201 32010  3  33   0  39   0   0   0   0   0   0   0   0   17   22    221  255596    8 1.000 
58 7.845361761046e+05 4.718256067977e+03 768 7235 3201 32010  3  33   0  40   0   0   0   0   0   0   0   0   17   22    219  255594   10 1.000 
59 7.893370025154e+05 4.800826410831e+03 768 7235 3201 32010  3  33   0  40   0   0   0   0   0   0   0   0   17   22    221  262506   10 1.000 
60 7.942275581613e+05 4.890555645897e+03 768 7235 3201 32010  3  33   0  40   0   0   0   0   0   0   0   0   17   22    221  262505   11 1.000 
61 7.992149827640e+05 4.987424602661e+03 768 7235 3201 32010  3  33   0  40   0   0   0   0   0   0   0   0   17   22    220  262509    7 1.000 
62 8.043064145345e+05 5.091431770505e+03 768 7235 3201 32010  3  33   0  40   0   0   0   0   0   0   0   0   17   22    220  269416   12 1.000 
63 8.095090076302e+05 5.202593095755e+03 768 7235 3201 32010  3  33   0  39   0   0   0   0   0   0   0   0   17   22    221  276328   12 1.000 
64 8.148299422397e+05 5.320934609426e+03 768 7235 3201 32010  3  33   0  39   0   0   0   0   0   0   0   0   17   22    221  276328   12 1.000 
65 8.202764506352e+05 5.446508395569e+03 768 7235 3201 32010 10  92 171 110 133 133 133 133  49  60  39  49   68   88   2260  283243    9 1.000 
66 8.258552394278e+05 5.578788792554e+03 768 7235 3201 32010 10  95 170 113 129 129 129 129  48  60  39  49   82  102   2633  283240   12 1.000 
67 8.315741229165e+05 5.718883488667e+03 768 7235 3201 32010 10  90 169 109 129 129 129 129  43  58  38  46   66   86   3040  290156    8 1.000 
68 8.374407223213e+05 5.866599404870e+03 768 7235 3201 32010 10  90 159 105 114 114 114 114  31  41  28  31   74   94   2502  297070    6 1.000 
69 8.434624409420e+05 6.021718620693e+03 768 7235 3201 32010 10  90 158 104 112 112 112 112  31  40  27  31   72   92   2459  303976   12 1.000 
70 8.496470612767e+05 6.184620334695e+03 768 7235 3201 32010 10 112 186 136 182 182 182 182 130 140 119 129  307  327  16495  303977   11 1.000 
71 8.536130967695e+05 3.966035492791e+03 768 7235 3201 32010 10 118 164 136 169 168 168 168 128 134 120 124  673  693  40268  227938   18 1.000 
72 8.558470872327e+05 2.233990463171e+03 768 7235 3201 32010 10  93 129 108 127 127 127 127  95 102  87  95  339  359  15163  172630   30 1.000 
73 8.581765895021e+05 2.329502269429e+03 768 7235 3201 32010 10  82 118  98 113 113 113 113  81  88  73  79  279  299  14792  172649   11 1.000 
74 8.617580823889e+05 3.581492886759e+03 768 7235 3201 32010 10  86 131 100 123 123 123 123  85  93  77  83  191  211  11827  214116   16 1.000 
75 8.658673881698e+05 4.109305780951e+03 768 7235 3201 32010 10 100 146 116 148 148 146 146 104 111  98 103  267  287  18921  234854   14 1.000 
76 8.689026175818e+05 3.035229412029e+03 768 7235 3201 32010 10  83 120  96 123 122 123 123  83  89  75  81  215  235  10101  200296   12 1.000 
77 8.716421210241e+05 2.739503442277e+03 768 7235 3201 32010  8  71 101  80 103 103 103 103  70  78  62  70  213  229  10058  186473   11 1.000 
78 8.773560218732e+05 5.713900849059e+03 768 7235 3201 32010 10 104 165 125 156 155 155 155 116 125 105 112  242  262  15755  290154   10 1.000 
79 8.843919896935e+05 7.035967820273e+03 768 7235 3201 32010 10 136 191 159 204 204 204 204 151 160 141 150  441  461  19473  338539    9 1.000 
80 8.874457089181e+05 3.053719224623e+03 768 7235 3201 32010 10 109 153 123 149 149 148 148 119 128 109 117  440  460  25985  200289   19 1.000 
81 8.899501310289e+05 2.504422110859e+03 768 7235 3201 32010 10  89 127 101 129 129 129 129  91  98  80  88  609  629  43505  179507   65 1.000 
82 8.928993886560e+05 2.949257627093e+03 768 7235 3201 32010 10  98 133 112 130 131 130 130  97 104  88  96  835  855  72071  193380   16 1.000 
83 8.957449472498e+05 2.845558593749e+03 768 7235 3201 32010 10  99 143 124 130 130 130 130 100 109  90  99 1045 1065  78747  193357   39 1.000 
84 8.976942129129e+05 1.949265663141e+03 768 7235 3201 32010 10 104 128 118 124 124 124 124 100 106  90  97 1131 1151 133014  165725   23 1.000 
85 8.995846678205e+05 1.890454907559e+03 768 7235 3201 32010 10 100 132 113 123 123 123 123  97 106  90  96  418  438  23780  165702   46 1.000 
86 9.024042979026e+05 2.819630082164e+03 768 7235 3201 32010 10 117 153 130 146 146 146 146 110 120 100 110  928  948  82599  193359   37 1.000 
87 9.038542265243e+05 1.449928621708e+03 768 7235 3201 32010 10 105 148 132 128 128 128 128 106 108  96  99  491  511  29180  165706   42 1.000 
