# 1: Time step number
# 2: Time (years)
# 3: Time step size (years)
# 4: Number of mesh cells
# 5: Number of Stokes degrees of freedom
# 6: Number of temperature degrees of freedom
# 7: Number of degrees of freedom for all compositions
# 8: Number of nonlinear iterations
# 9: Iterations for temperature solver
# 10: Iterations for composition solver 1
# 11: Iterations for composition solver 2
# 12: Iterations for composition solver 3
# 13: Iterations for composition solver 4
# 14: Iterations for composition solver 5
# 15: Iterations for composition solver 6
# 16: Iterations for composition solver 7
# 17: Iterations for composition solver 8
# 18: Iterations for composition solver 9
# 19: Iterations for composition solver 10
# 20: Iterations for Stokes solver
# 21: Velocity iterations in Stokes preconditioner
# 22: Schur complement iterations in Stokes preconditioner
# 23: Minimal cells per process
# 24: Maximal cells per process
# 25: Average cells per process
# 26: Cache hits
# 27: Cache misses
# 28: Cache hit rate
 0 0.000000000000e+00 0.000000000000e+00 192 1891 833 8330  2   0   0   0   0   0   0   0   0   0   0   0  16  20   189 16 16 16.0000 313254 5088 0.984 
 1 1.000000000000e+05 1.000000000000e+05 192 1891 833 8330 10  81   0 135   0   0   0   0   0   0   0   0  93 113  1129 16 16 16.0000 920588   56 1.000 
 2 2.000000000000e+05 1.000000000000e+05 192 1891 833 8330 10  85   0 133   0   0   0   0   0   0   0   0  81 101  1009 16 16 16.0000 920644    0 1.000 
 3 3.000000000000e+05 1.000000000000e+05 192 1891 833 8330 10  98   0 158   0   0   0   0   0   0   0   0  86 106  1054 16 16 16.0000 920617   27 1.000 
 4 4.000000000000e+05 1.000000000000e+05 192 1891 833 8330 10 161   0 237   0   0   0   0   0   0   0   0  91 111  1104 16 16 16.0000 920582   62 1.000 
 5 4.506312267011e+05 5.063122670110e+04 192 1891 833 8330 10 161   0 211   0   0   0   0   0   0   0   0  59  79   790 16 16 16.0000 493619  209 1.000 
 6 4.812453975913e+05 3.061417089016e+04 192 1891 833 8330 10 125   0 151   0   0   0   0   0   0   0   0  33  51   509 16 16 16.0000 320829  199 0.999 
 7 5.045021483669e+05 2.325675077566e+04 192 1891 833 8330  6  85   0  99   0   0   0   0   0   0   0   0  26  37   369 16 16 16.0000 256911  181 0.999 
 8 5.236720217357e+05 1.916987336879e+04 192 1891 833 8330  5  72   0  83   0   0   0   0   0   0   0   0  22  31   310 16 16 16.0000 220612  192 0.999 
 9 5.402261110575e+05 1.655408932177e+04 192 1891 833 8330  5  70   0  81   0   0   0   0   0   0   0   0  18  27   270 16 16 16.0000 198158  182 0.999 
10 5.549812554077e+05 1.475514435018e+04 192 1891 833 8330  5  62   0  66   0   0   0   0   0   0   0   0  15  23   230 16 16 16.0000 182603  185 0.999 
11 5.684486671720e+05 1.346741176436e+04 192 1891 833 8330  4  57   0  62   0   0   0   0   0   0   0   0  14  21   210 16 16 16.0000 172250  170 0.999 
12 5.808478995207e+05 1.239923234864e+04 192 1891 833 8330  4  56   0  56   0   0   0   0   0   0   0   0  15  22   220 16 16 16.0000 161883  169 0.999 
13 5.922870409239e+05 1.143914140329e+04 192 1891 833 8330  4  55   0  55   0   0   0   0   0   0   0   0  13  20   200 16 16 16.0000 154976  164 0.999 
14 6.030189897666e+05 1.073194884267e+04 192 1891 833 8330  4  54   0  56   0   0   0   0   0   0   0   0  13  20   200 16 16 16.0000 148076  152 0.999 
15 6.132297804481e+05 1.021079068146e+04 192 1891 833 8330  4  53   0  54   0   0   0   0   0   0   0   0  12  19   190 16 16 16.0000 144626  146 0.999 
16 6.230620442171e+05 9.832263769002e+03 192 1891 833 8330  4  48   0  44   0   0   0   0   0   0   0   0  11  17   170 16 16 16.0000 141170  146 0.999 
17 6.326293341053e+05 9.567289888207e+03 192 1891 833 8330  4  48   0  44   0   0   0   0   0   0   0   0  11  17   170 16 16 16.0000 137722  138 0.999 
18 6.420253841546e+05 9.396050049313e+03 192 1891 833 8330  4  53   0  53   0   0   0   0   0   0   0   0  11  18   180 16 16 16.0000 135993  139 0.999 
19 6.513306210417e+05 9.305236887149e+03 192 1891 833 8330  4  52   0  53   0   0   0   0   0   0   0   0  11  18   180 16 16 16.0000 135997  135 0.999 
20 6.606165842039e+05 9.285963162155e+03 192 1891 833 8330  4  52   0  53   0   0   0   0   0   0   0   0  11  18   182 16 16 16.0000 135997  135 0.999 
21 6.699485973527e+05 9.332013148835e+03 192 1891 833 8330  4  52   0  53   0   0   0   0   0   0   0   0  11  18   182 16 16 16.0000 135999  133 0.999 
22 6.793874743074e+05 9.438876954619e+03 192 1891 833 8330  4  53   0  53   0   0   0   0   0   0   0   0  11  18   183 16 16 16.0000 137715  145 0.999 
23 6.887339538359e+05 9.346479528568e+03 192 1891 833 8330  4  48   0  44   0   0   0   0   0   0   0   0  10  16   166 16 16 16.0000 135969  163 0.999 
24 6.978314383998e+05 9.097484563893e+03 192 1891 833 8330  4  46   0  44   0   0   0   0   0   0   0   0  10  16   165 16 16 16.0000 134253  151 0.999 
25 7.067954097993e+05 8.963971399495e+03 192 1891 833 8330  3  42   0  43   0   0   0   0   0   0   0   0  11  16   167 16 16 16.0000 132515  161 0.999 
26 7.156943087526e+05 8.898898953284e+03 192 1891 833 8330  3  42   0  43   0   0   0   0   0   0   0   0  11  16   168 16 16 16.0000 132502  174 0.999 
27 7.246133348064e+05 8.919026053789e+03 192 1891 833 8330  3  41   0  43   0   0   0   0   0   0   0   0  11  16   166 16 16 16.0000 132514  162 0.999 
28 7.336298652571e+05 9.016530450694e+03 192 1891 833 8330  3  41   0  42   0   0   0   0   0   0   0   0  11  16   165 16 16 16.0000 134243  161 0.999 
29 7.428137757806e+05 9.183910523520e+03 192 1891 833 8330  3  40   0  43   0   0   0   0   0   0   0   0  11  16   169 16 16 16.0000 134232  172 0.999 
30 7.522292091812e+05 9.415433400619e+03 192 1891 833 8330 10 137 187 145 182 182 182 182 136 146 126 135 155 175 14528 16 16 16.0000 137687  173 0.999 
31 7.619734300534e+05 9.744220872138e+03 192 1891 833 8330 10 158 194 161 191 191 191 191 156 162 143 152 278 298 31356 16 16 16.0000 139356  232 0.998 
32 7.721644049756e+05 1.019097492220e+04 192 1891 833 8330 10 153 192 161 185 185 185 185 153 162 142 152 309 329 52079 16 16 16.0000 142803  241 0.998 
33 7.828293400387e+05 1.066493506317e+04 192 1891 833 8330 10 150 190 149 179 176 180 180 148 153 138 148 314 334 46709 16 16 16.0000 147994  234 0.998 
34 7.939974261063e+05 1.116808606753e+04 192 1891 833 8330 10 147 192 156 193 193 194 194 154 164 145 154 307 327 45013 16 16 16.0000 151427  257 0.998 
35 8.057121513431e+05 1.171472523686e+04 192 1891 833 8330 10 151 196 156 195 195 195 195 153 162 143 150 291 311 51015 16 16 16.0000 156627  241 0.998 
36 8.150022858741e+05 9.290134531021e+03 192 1891 833 8330 10 135 182 144 165 164 165 165 132 143 124 132 240 260 31609 16 16 16.0000 135890  242 0.998 
37 8.276972847949e+05 1.269499892078e+04 192 1891 833 8330 10 119 178 132 162 163 162 162 114 126 103 112 129 149 16441 16 16 16.0000 165271  237 0.999 
38 8.409928508299e+05 1.329556603499e+04 192 1891 833 8330 10 160 216 172 210 210 210 210 165 174 154 161 218 238 38843 16 16 16.0000 170444  248 0.999 
39 8.539688322085e+05 1.297598137859e+04 192 1891 833 8330 10 155 211 171 197 198 197 197 159 169 149 157 245 265 38622 16 16 16.0000 166967  269 0.998 
40 8.671151446100e+05 1.314631240146e+04 192 1891 833 8330 10 149 206 162 186 185 190 189 151 161 141 151 249 269 45633 16 16 16.0000 168685  279 0.998 
41 8.803251937965e+05 1.321004918657e+04 192 1891 833 8330 10 145 201 160 189 189 189 189 151 161 141 151 230 250 29899 16 16 16.0000 170429  263 0.998 
42 8.895540323613e+05 9.228838564728e+03 192 1891 833 8330 10 122 172 133 148 150 147 151 123 132 111 121 222 242 35089 16 16 16.0000 135848  284 0.998 
43 9.059113268303e+05 1.635729446903e+04 192 1891 833 8330 10 121 183 133 155 159 155 157 103 113  92  99  92 112 14934 16 16 16.0000 196374  238 0.999 
44 9.245109660218e+05 1.859963919155e+04 192 1891 833 8330 10 119 195 130 147 147 147 147  97 106  88  95  73  93 14851 16 16 16.0000 215365  255 0.999 
45 9.447717044031e+05 2.026073838125e+04 192 1891 833 8330 10 116 190 123 139 139 139 139  94 103  85  93  70  90 11586 16 16 16.0000 230936  236 0.999 
46 9.662991028636e+05 2.152739846052e+04 192 1891 833 8330 10 114 180 126 133 134 133 133  93  99  84  92  65  85 11259 16 16 16.0000 241310  230 0.999 
47 9.890714216546e+05 2.277231879096e+04 192 1891 833 8330 10 119 170 129 137 137 137 137  95 103  85  93  71  91 12755 16 16 16.0000 251702  206 0.999 
48 1.013126755522e+06 2.405533386716e+04 192 1891 833 8330 10 114 168 129 141 141 140 141  92  98  83  89  64  84 10266 16 16 16.0000 263796  208 0.999 
49 1.038620378177e+06 2.549362265567e+04 192 1891 833 8330 10 118 172 133 136 136 136 136  95 103  85  94  60  80 12722 16 16 16.0000 275908  192 0.999 
50 1.065605334902e+06 2.698495672428e+04 192 1891 833 8330 10 117 169 133 142 140 142 142  92  98  84  90  66  86 12791 16 16 16.0000 287989  207 0.999 
51 1.094377307753e+06 2.877197285117e+04 192 1891 833 8330 10 112 170 127 135 135 135 135  89  97  79  88  59  79  9657 16 16 16.0000 303569  179 0.999 
52 1.124817092713e+06 3.043978496045e+04 192 1891 833 8330 10 123 173 137 133 133 133 133 100 106  90  96  70  90 12834 16 16 16.0000 319124  176 0.999 
53 1.157172029902e+06 3.235493718864e+04 192 1891 833 8330 10 123 166 142 137 137 137 137 100 108  90  99  66  86 11895 16 16 16.0000 334679  173 0.999 
54 1.191682820073e+06 3.451079017113e+04 192 1891 833 8330 10 127 175 150 145 144 145 145 109 115  99 107  90 110 15826 16 16 16.0000 353709  151 1.000 
55 1.228483097521e+06 3.680027744818e+04 192 1891 833 8330 10 117 162 134 133 134 133 133  97 106  88  96  66  86 10686 16 16 16.0000 374448  148 1.000 
56 1.267757206412e+06 3.927410889117e+04 192 1891 833 8330  7  88 115 101  99  99  99  99  77  83  70  76  52  66 10296 16 16 16.0000 395194  138 1.000 
57 1.309706068152e+06 4.194886173965e+04 192 1891 833 8330 10 111 165 133 121 122 121 121  98 106  89  97  69  89 13204 16 16 16.0000 417671  125 1.000 
58 1.354214541329e+06 4.450847317662e+04 192 1891 833 8330 10 114 163 136 126 126 126 126 107 116  98 106  89 109 17521 16 16 16.0000 440132  128 1.000 
59 1.401097952122e+06 4.688341079290e+04 192 1891 833 8330 10 109 166 136 125 125 125 125 100 109  96 100  91 111 13202 16 16 16.0000 460885  111 1.000 
60 1.450385447988e+06 4.928749586684e+04 192 1891 833 8330 10 108 164 135 125 125 125 125 106 116 101 106  89 109 17053 16 16 16.0000 481619  113 1.000 
61 1.500000000000e+06 4.961455201158e+04 192 1891 833 8330 10  95 145 112 115 115 114 115  91  98  82  90  56  76  9010 16 16 16.0000 485104   84 1.000 
