# 1: Time step number
# 2: Time (years)
# 3: Time step size (years)
# 4: Number of mesh cells
# 5: Number of Stokes degrees of freedom
# 6: Number of temperature degrees of freedom
# 7: Number of degrees of freedom for all compositions
# 8: Number of nonlinear iterations
# 9: Iterations for temperature solver
# 10: Iterations for composition solver 1
# 11: Iterations for composition solver 2
# 12: Iterations for composition solver 3
# 13: Iterations for composition solver 4
# 14: Iterations for composition solver 5
# 15: Iterations for composition solver 6
# 16: Iterations for composition solver 7
# 17: Iterations for composition solver 8
# 18: Iterations for composition solver 9
# 19: Iterations for composition solver 10
# 20: Iterations for Stokes solver
# 21: Velocity iterations in Stokes preconditioner
# 22: Schur complement iterations in Stokes preconditioner
# 23: Cache hits
# 24: Cache misses
# 25: Cache hit rate
  0 0.000000000000e+00 0.000000000000e+00 768 7235 3201 32010  2   0   0   0   0   0   0   0   0   0   0   0  41  45   438  455063 11383 0.976 
  1 1.000000000000e+05 1.000000000000e+05 768 7235 3201 32010 10  92   0 123   0   0   0   0   0   0   0   0 222 242  2410 3552436   192 1.000 
  2 2.000000000000e+05 1.000000000000e+05 768 7235 3201 32010 10  77   0 120   0   0   0   0   0   0   0   0 200 220  2186 3552487   141 1.000 
  3 3.000000000000e+05 1.000000000000e+05 768 7235 3201 32010 10  87   0 161   0   0   0   0   0   0   0   0 206 226  2249 3552236   392 1.000 
  4 4.000000000000e+05 1.000000000000e+05 768 7235 3201 32010 10 154   0 337   0   0   0   0   0   0   0   0 206 226  2249 3551886   742 1.000 
  5 4.364126465996e+05 3.641264659965e+04 768 7235 3201 32010 10 123   0 209   0   0   0   0   0   0   0   0 105 125  1238 1353448  1164 0.999 
  6 4.615537001996e+05 2.514105359998e+04 768 7235 3201 32010  7  80   0 123   0   0   0   0   0   0   0   0  68  81   803  959576  1052 0.999 
  7 4.812755376383e+05 1.972183743868e+04 768 7235 3201 32010  6  69   0  95   0   0   0   0   0   0   0   0  55  66   653  772978  1026 0.999 
  8 4.976653499599e+05 1.638981232159e+04 768 7235 3201 32010  5  61   0  81   0   0   0   0   0   0   0   0  50  59   585  655509   991 0.998 
  9 5.117701658212e+05 1.410481586131e+04 768 7235 3201 32010  6  67   0  85   0   0   0   0   0   0   0   0  46  57   564  579450  1018 0.998 
 10 5.242042571499e+05 1.243409132869e+04 768 7235 3201 32010  5  59   0  72   0   0   0   0   0   0   0   0  41  50   495  524155  1017 0.998 
 11 5.353632010591e+05 1.115894390922e+04 768 7235 3201 32010  4  50   0  61   0   0   0   0   0   0   0   0  38  45   447  475747  1041 0.998 
 12 5.455185826768e+05 1.015538161766e+04 768 7235 3201 32010  4  49   0  60   0   0   0   0   0   0   0   0  36  43   427  441167  1061 0.998 
 13 5.548657067261e+05 9.347124049328e+03 768 7235 3201 32010  4  49   0  59   0   0   0   0   0   0   0   0  34  41   407  413473  1107 0.997 
 14 5.635502418052e+05 8.684535079134e+03 768 7235 3201 32010  4  48   0  57   0   0   0   0   0   0   0   0  31  38   378  392700  1144 0.997 
 15 5.716840543667e+05 8.133812561455e+03 768 7235 3201 32010  4  48   0  57   0   0   0   0   0   0   0   0  29  36   359  371964  1144 0.997 
 16 5.793551722669e+05 7.671117900229e+03 768 7235 3201 32010  4  46   0  56   0   0   0   0   0   0   0   0  26  33   329  358099  1185 0.997 
 17 5.866343265943e+05 7.279154327366e+03 768 7235 3201 32010  4  45   0  55   0   0   0   0   0   0   0   0  24  31   309  344245  1215 0.996 
 18 5.935793707745e+05 6.945044180209e+03 768 7235 3201 32010  4  46   0  55   0   0   0   0   0   0   0   0  23  30   298  330394  1242 0.996 
 19 6.002383785494e+05 6.659007774877e+03 768 7235 3201 32010  3  39   0  46   0   0   0   0   0   0   0   0  22  27   270  323476  1248 0.996 
 20 6.066013931669e+05 6.363014617492e+03 768 7235 3201 32010  3  39   0  44   0   0   0   0   0   0   0   0  21  26   258  309635  1265 0.996 
 21 6.126749447857e+05 6.073551618884e+03 768 7235 3201 32010  3  39   0  46   0   0   0   0   0   0   0   0  21  26   259  302709  1279 0.996 
 22 6.184995939987e+05 5.824649212981e+03 768 7235 3201 32010  3  38   0  44   0   0   0   0   0   0   0   0  21  26   259  295730  1346 0.995 
 23 6.241094418227e+05 5.609847823963e+03 768 7235 3201 32010  3  37   0  44   0   0   0   0   0   0   0   0  21  26   260  288819  1345 0.995 
 24 6.295334836029e+05 5.424041780224e+03 768 7235 3201 32010  3  37   0  44   0   0   0   0   0   0   0   0  21  26   260  281918  1334 0.995 
 25 6.347966216826e+05 5.263138079646e+03 768 7235 3201 32010  3  37   0  44   0   0   0   0   0   0   0   0  21  26   260  274967  1373 0.995 
 26 6.399204636946e+05 5.123842012090e+03 768 7235 3201 32010  3  37   0  43   0   0   0   0   0   0   0   0  21  26   260  268051  1377 0.995 
 27 6.449239406291e+05 5.003476934470e+03 768 7235 3201 32010  3  36   0  44   0   0   0   0   0   0   0   0  21  26   259  268037  1391 0.995 
 28 6.498237970206e+05 4.899856391479e+03 768 7235 3201 32010  3  36   0  43   0   0   0   0   0   0   0   0  21  26   259  261101  1415 0.995 
 29 6.546349829183e+05 4.811185897752e+03 768 7235 3201 32010  3  36   0  44   0   0   0   0   0   0   0   0  21  26   260  261063  1453 0.994 
 30 6.593709672052e+05 4.735984286886e+03 768 7235 3201 32010  3  36   0  44   0   0   0   0   0   0   0   0  21  26   260  254177  1427 0.994 
 31 6.640439966273e+05 4.673029422027e+03 768 7235 3201 32010  3  36   0  42   0   0   0   0   0   0   0   0  21  26   260  254161  1443 0.994 
 32 6.686647017377e+05 4.620705110446e+03 768 7235 3201 32010  3  36   0  43   0   0   0   0   0   0   0   0  20  25   250  254143  1461 0.994 
 33 6.732420231353e+05 4.577321397586e+03 768 7235 3201 32010  3  37   0  42   0   0   0   0   0   0   0   0  20  25   250  247213  1479 0.994 
 34 6.777857854676e+05 4.543762332291e+03 768 7235 3201 32010  3  37   0  42   0   0   0   0   0   0   0   0  20  25   250  247218  1474 0.994 
 35 6.823051838316e+05 4.519398364020e+03 768 7235 3201 32010  3  38   0  42   0   0   0   0   0   0   0   0  19  24   240  247206  1486 0.994 
 36 6.868088917160e+05 4.503707884359e+03 768 7235 3201 32010  3  38   0  42   0   0   0   0   0   0   0   0  19  24   240  247198  1494 0.994 
 37 6.913051543618e+05 4.496262645807e+03 768 7235 3201 32010  3  37   0  41   0   0   0   0   0   0   0   0  19  24   240  247164  1528 0.994 
 38 6.958018612799e+05 4.496706918104e+03 768 7235 3201 32010  3  36   0  43   0   0   0   0   0   0   0   0  19  24   240  247167  1525 0.994 
 39 7.003066169501e+05 4.504755670198e+03 768 7235 3201 32010  3  37   0  42   0   0   0   0   0   0   0   0  19  24   240  247150  1542 0.994 
 40 7.048267942777e+05 4.520177327595e+03 768 7235 3201 32010  3  37   0  42   0   0   0   0   0   0   0   0  19  24   240  247166  1526 0.994 
 41 7.093609257827e+05 4.534131505058e+03 768 7235 3201 32010  3  37   0  42   0   0   0   0   0   0   0   0  19  24   240  247158  1534 0.994 
 42 7.138253574139e+05 4.464431631187e+03 768 7235 3201 32010  3  36   0  41   0   0   0   0   0   0   0   0  19  24   240  247131  1561 0.994 
 43 7.182339259131e+05 4.408568499164e+03 768 7235 3201 32010  3  35   0  41   0   0   0   0   0   0   0   0  19  24   240  247134  1558 0.994 
 44 7.225993201627e+05 4.365394249646e+03 768 7235 3201 32010  3  35   0  41   0   0   0   0   0   0   0   0  19  24   240  240224  1556 0.994 
 45 7.269332472419e+05 4.333927079134e+03 768 7235 3201 32010  3  35   0  41   0   0   0   0   0   0   0   0  19  24   240  240226  1554 0.994 
 46 7.312465773647e+05 4.313330122825e+03 768 7235 3201 32010  3  35   0  41   0   0   0   0   0   0   0   0  19  24   240  240253  1527 0.994 
 47 7.355494802768e+05 4.302902912077e+03 768 7235 3201 32010  3  35   0  41   0   0   0   0   0   0   0   0  18  23   230  240239  1541 0.994 
 48 7.398515196627e+05 4.302039385904e+03 768 7235 3201 32010  3  35   0  41   0   0   0   0   0   0   0   0  18  23   229  240244  1536 0.994 
 49 7.441618076285e+05 4.310287965857e+03 768 7235 3201 32010  3  34   0  40   0   0   0   0   0   0   0   0  18  23   229  240275  1505 0.994 
 50 7.484866884612e+05 4.324880832678e+03 768 7235 3201 32010  3  34   0  40   0   0   0   0   0   0   0   0  18  23   229  240289  1491 0.994 
 51 7.528335394029e+05 4.346850941738e+03 768 7235 3201 32010  3  34   0  40   0   0   0   0   0   0   0   0  18  23   229  240280  1500 0.994 
 52 7.572105047085e+05 4.376965305598e+03 768 7235 3201 32010  3  34   0  40   0   0   0   0   0   0   0   0  17  22   220  240278  1502 0.994 
 53 7.616254840846e+05 4.414979376070e+03 768 7235 3201 32010 10  87 181 101 129 129 129 129  38  46  28  39  91 111  1704  247214  1478 0.994 
 54 7.660862346183e+05 4.460750533657e+03 768 7235 3201 32010 10  86 172 107 139 139 139 139  69  82  62  71  72  92  1902  247207  1485 0.994 
 55 7.706005798743e+05 4.514345255997e+03 768 7235 3201 32010 10  88 162 109 126 127 126 127  66  79  55  65 102 122  5690  247202  1490 0.994 
 56 7.751765241682e+05 4.575944293974e+03 768 7235 3201 32010 10  90 152 111 144 144 144 144  90 101  78  89 130 150  6371  247191  1501 0.994 
 57 7.791756404222e+05 3.999116253931e+03 768 7235 3201 32010 10  90 152 109 140 140 140 140  92 104  82  91 161 181  9452  226406  1550 0.993 
 58 7.827854636857e+05 3.609823263505e+03 768 7235 3201 32010 10  87 147 106 135 135 135 135  88  98  79  87 160 180  9549  219395  1649 0.993 
 59 7.863364919266e+05 3.551028240918e+03 768 7235 3201 32010 10  84 143 101 133 132 133 132  84  94  75  84 156 176 10524  212434  1698 0.992 
 60 7.896492642983e+05 3.312772371697e+03 768 7235 3201 32010 10  92 149 110 140 139 138 139  86  96  77  86 230 250 15364  205706  1514 0.993 
 61 7.933411772506e+05 3.691912952313e+03 768 7235 3201 32010 10  98 151 112 153 153 153 153  94 104  85  94 247 267 13364  219489  1555 0.993 
 62 7.983473450262e+05 5.006167775605e+03 768 7235 3201 32010 10 110 162 126 169 169 169 169 117 127 107 117 260 280 11500  268030  1398 0.995 
 63 8.023471735537e+05 3.999828527531e+03 768 7235 3201 32010 10 103 154 117 156 156 156 156 113 123 102 111 281 301 10660  226494  1462 0.994 
 64 8.066668881858e+05 4.319714632054e+03 768 7235 3201 32010 10 108 167 124 158 157 157 157 122 132 111 120 386 406 17762  240329  1451 0.994 
 65 8.101984342597e+05 3.531546073939e+03 768 7235 3201 32010 10 100 149 117 149 149 149 149 113 124 103 111 394 414 19284  212594  1538 0.993 
 66 8.139134295620e+05 3.714995302313e+03 768 7235 3201 32010 10 102 149 116 148 147 148 147 113 123 103 112 430 450 20951  219551  1493 0.993 
 67 8.169418263030e+05 3.028396740993e+03 768 7235 3201 32010 10  91 131 103 133 132 133 132  99 109  89  97 430 450 24951  198650  1658 0.992 
 68 8.201016075557e+05 3.159781252647e+03 768 7235 3201 32010 10  91 128 103 132 133 132 132  96 104  86  94 447 467 30977  198797  1511 0.992 
 69 8.228283545762e+05 2.726747020529e+03 768 7235 3201 32010 10  87 124  99 125 125 125 125  88  97  81  87 466 486 30806  184772  1712 0.991 
 70 8.257864246797e+05 2.958070103494e+03 768 7235 3201 32010 10  87 125 100 126 126 126 126  88  96  79  86 522 542 38397  191839  1557 0.992 
 71 8.283638258953e+05 2.577401215564e+03 768 7235 3201 32010 10  96 133 109 136 136 136 136  99 107  89  96 664 684 47494  177803  1769 0.990 
 72 8.312770273605e+05 2.913201465252e+03 768 7235 3201 32010 10  87 123  99 125 125 125 125  88  96  78  88 535 555 39995  191676  1720 0.991 
 73 8.338456757856e+05 2.568648425130e+03 768 7235 3201 32010 10  86 121  97 125 126 125 124  86  95  77  84 543 563 40555  177760  1812 0.990 
 74 8.360117504771e+05 2.166074691493e+03 768 7235 3201 32010 10  79 114  89 119 118 118 118  78  88  71  78 541 561 39929  163955  1793 0.989 
 75 8.383131078273e+05 2.301357350157e+03 768 7235 3201 32010 10  85 115  95 125 125 125 125  84  90  75  83 632 652 50590  171008  1652 0.990 
 76 8.407572989730e+05 2.444191145664e+03 768 7235 3201 32010 10  84 119  96 125 125 125 125  85  92  77  85 647 667 51936  177954  1618 0.991 
 77 8.432424337898e+05 2.485134816857e+03 768 7235 3201 32010 10  85 121  95 126 125 126 125  87  96  78  86 625 645 53138  177782  1790 0.990 
 78 8.458540775362e+05 2.611643746392e+03 768 7235 3201 32010 10  78 117  90 115 116 115 116  79  88  72  78 605 625 53162  184855  1629 0.991 
 79 8.485506225123e+05 2.696544976065e+03 768 7235 3201 32010 10  81 119  92 126 125 126 125  84  92  76  82 661 681 62145  184572  1912 0.990 
 80 8.513239773983e+05 2.773354886023e+03 768 7235 3201 32010 10  83 122  95 123 123 123 123  89  95  79  86 691 711 61907  184652  1832 0.990 
 81 8.541772167708e+05 2.853239372552e+03 768 7235 3201 32010 10 101 147 119 142 142 142 142 105 113  94 104 914 934 78385  191722  1674 0.991 
 82 8.571055025818e+05 2.928285810962e+03 768 7235 3201 32010 10  93 136 112 129 129 129 129  96 103  86  94 858 878 74178  191718  1678 0.991 
 83 8.600753525826e+05 2.969850000833e+03 768 7235 3201 32010 10 101 153 117 135 135 136 134 107 115  96 106 769 789 63924  191685  1711 0.991 
 84 8.628944106026e+05 2.819058019986e+03 768 7235 3201 32010 10  91 130 105 127 127 127 127  99 104  89  97 518 538 40528  191769  1627 0.992 
 85 8.661214670601e+05 3.227056457458e+03 768 7235 3201 32010 10  93 138 108 135 134 134 134 100 109  92  99 486 506 27324  205416  1804 0.991 
 86 8.699488601741e+05 3.827393113983e+03 768 7235 3201 32010 10  91 134 107 134 134 134 134  95 103  85  93 424 444 24229  226325  1631 0.993 
 87 8.728341717601e+05 2.885311586012e+03 768 7235 3201 32010 10  86 133 100 128 128 128 128  94 103  86  94 476 496 24313  191734  1662 0.991 
 88 8.748151267738e+05 1.980955013713e+03 768 7235 3201 32010 10  78 114  94 113 113 113 113  84  91  75  83 419 439 27609  164165  1583 0.990 
 89 8.796979288462e+05 4.882802072374e+03 768 7235 3201 32010 10 110 157 130 149 149 149 149 117 126 107 116 431 451 30424  260707  1809 0.993 
 90 8.821311035290e+05 2.433174682874e+03 768 7235 3201 32010 10  98 139 115 130 131 129 132 103 111  93 102 440 460 28557  177805  1767 0.990 
 91 8.845987194049e+05 2.467615875848e+03 768 7235 3201 32010 10  91 129 107 118 118 118 118  92  99  83  91 343 363 15690  177716  1856 0.990 
 92 8.873244812888e+05 2.725761883922e+03 768 7235 3201 32010 10  89 130 104 114 115 115 115  93 100  85  92 379 399 20596  184743  1741 0.991 
 93 8.896418986851e+05 2.317417396252e+03 768 7235 3201 32010 10  78 117  91 114 114 114 114  81  88  73  81 246 266 13332  170955  1705 0.990 
 94 8.951194773311e+05 5.477578646008e+03 768 7235 3201 32010 10 111 161 126 149 147 148 148 115 125 105 115 359 379 24409  281613  1639 0.994 
 95 8.973546479434e+05 2.235170612296e+03 768 7235 3201 32010 10  81 116  94 105 106 105 106  80  88  73  78 314 334 15121  170821  1839 0.989 
 96 8.995798437479e+05 2.225195804545e+03 768 7235 3201 32010 10  81 112  94  99  99  99  99  78  84  68  78 317 337 12283  170979  1681 0.990 
 97 9.047077058032e+05 5.127862055254e+03 768 7235 3201 32010 10 110 158 122 140 141 141 140 107 113  98 104 361 381 26131  267767  1661 0.994 
 98 9.072340181177e+05 2.526312314580e+03 768 7235 3201 32010 10  81 113  95 108 107 108 107  83  88  74  81 306 326 12300  177681  1891 0.989 
 99 9.096668844689e+05 2.432866351124e+03 768 7235 3201 32010 10  77 105  91 100  99  99 100  77  82  67  76 243 263  7579  177904  1668 0.991 
100 9.140177645013e+05 4.350880032389e+03 768 7235 3201 32010 10 102 141 115 124 124 124 124  95 105  89  95 388 408 22106  240132  1648 0.993 
101 9.185949427072e+05 4.577178205922e+03 768 7235 3201 32010 10 104 143 123 138 138 138 138 104 112  94 102 456 476 22742  246936  1756 0.993 
102 9.211441382790e+05 2.549195571777e+03 768 7235 3201 32010 10  89 116 100 111 111 111 111  83  91  74  83 326 346 12087  177698  1874 0.990 
103 9.251657473536e+05 4.021609074664e+03 768 7235 3201 32010 10 100 140 119 128 127 128 127  96 103  89  94 410 430 25743  233082  1786 0.992 
104 9.276805719971e+05 2.514824643489e+03 768 7235 3201 32010  9  73  97  87  94  95  94  95  71  77  64  71 240 258  6656  177797  1775 0.990 
105 9.313662835034e+05 3.685711506302e+03 768 7235 3201 32010 10  99 144 116 122 122 122 122  92 101  82  91 395 415 25711  219370  1674 0.992 
106 9.343913884674e+05 3.025104964005e+03 768 7235 3201 32010 10  77 111  92 105 105 105 105  74  82  67  74 226 246  9792  198568  1740 0.991 
107 9.377792544548e+05 3.387865987348e+03 768 7235 3201 32010 10  90 137 108 118 118 118 118  87  92  80  83 347 367 20701  205506  1714 0.992 
108 9.408881351179e+05 3.108880663092e+03 768 7235 3201 32010 10  75 109  89  99  99  99  99  71  79  64  69 169 189  7772  198615  1693 0.992 
109 9.443881613711e+05 3.500026253251e+03 768 7235 3201 32010 10  89 135 108 107 111 112 106  82  92  72  82 325 345 20749  212477  1655 0.992 
110 9.480454065169e+05 3.657245145796e+03 768 7235 3201 32010 10  75 113  88 101 101 102 101  73  78  63  72 170 190  8968  219346  1698 0.992 
111 9.529078018147e+05 4.862395297768e+03 768 7235 3201 32010 10  78 121  92 111 111 111 111  77  86  69  76 159 179  8734  260835  1681 0.994 
112 9.580207221445e+05 5.112920329803e+03 768 7235 3201 32010 10  83 126  97 116 116 116 116  78  87  69  78 189 209  9858  267672  1756 0.993 
113 9.632369531872e+05 5.216231042717e+03 768 7235 3201 32010 10  81 127  94 114 114 115 114  79  87  71  78 150 170  8941  274631  1709 0.994 
114 9.675793023828e+05 4.342349195641e+03 768 7235 3201 32010 10  77 113  89 111 111 111 111  78  83  69  75 159 179 10822  240053  1727 0.993 
115 9.757020789307e+05 8.122776547847e+03 768 7235 3201 32010 10 103 147 117 141 142 143 141 104 113  95 104 213 233  9891  371386  1722 0.995 
116 9.795254359296e+05 3.823356998869e+03 768 7235 3201 32010 10  84 118  99 117 117 117 118  86  93  80  86 390 410 23455  226111  1845 0.992 
117 9.830606303481e+05 3.535194418536e+03 768 7235 3201 32010 10  82 114  93  99  99  99  99  78  86  70  76 137 157  6802  212403  1729 0.992 
118 9.935680994128e+05 1.050746906471e+04 768 7235 3201 32010 10 115 161 135 153 153 153 153 113 123 103 113 204 224  8696  454356  1696 0.996 
119 9.998497426580e+05 6.281643245181e+03 768 7235 3201 32010 10 105 142 122 152 152 152 152 110 117 101 110 623 643 49973  309126  1774 0.994 
120 1.001777648489e+06 1.927905830829e+03 768 7235 3201 32010 10  97 125 108  96  96  96  96  91  99  81  90 229 249  8806  163874  1874 0.989 
121 1.012458348934e+06 1.068070044507e+04 768 7235 3201 32010  5 333  82 820  61  61  61  62  86  90  73  82  67  77  1375  460516  2448 0.995 
122 1.024089884672e+06 1.163153573858e+04 768 7235 3201 32010  5  59  67  66  63  63  63  63  54  58  48  52  56  65   651  495671  1853 0.996 
123 1.036055664871e+06 1.196578019880e+04 768 7235 3201 32010  4  44  55  52  51  51  51  52  42  46  39  42  33  40   401  502677  1759 0.997 
124 1.048332786614e+06 1.227712174323e+04 768 7235 3201 32010  4  44  49  51  50  50  50  50  40  43  35  39  25  32   322  516478  1782 0.997 
125 1.060941835978e+06 1.260904936389e+04 768 7235 3201 32010  4  43  47  50  49  49  49  49  40  41  34  38  21  28   281  530327  1757 0.997 
126 1.073900168382e+06 1.295833240402e+04 768 7235 3201 32010  4  42  46  50  48  48  48  48  39  41  34  37  20  27   270  537214  1782 0.997 
127 1.087223822747e+06 1.332365436494e+04 768 7235 3201 32010  4  41  47  50  48  48  48  48  39  41  35  37  21  28   280  551033  1787 0.997 
128 1.100928533845e+06 1.370471109777e+04 768 7235 3201 32010  4  41  46  50  49  49  49  49  39  41  35  37  20  27   271  564850  1794 0.997 
129 1.115030031486e+06 1.410149764076e+04 768 7235 3201 32010  4  41  46  51  50  50  50  50  38  42  34  38  21  28   280  578682  1786 0.997 
130 1.129543995237e+06 1.451396375140e+04 768 7235 3201 32010  4  40  46  51  49  49  49  50  38  42  34  38  22  29   290  592501  1791 0.997 
131 1.144486132586e+06 1.494213734894e+04 768 7235 3201 32010  4  41  46  51  49  49  49  49  38  42  34  38  22  29   290  606343  1773 0.997 
132 1.159871990092e+06 1.538585750587e+04 768 7235 3201 32010  4  41  46  51  49  49  49  49  38  42  34  38  22  29   290  620142  1798 0.997 
133 1.175716883532e+06 1.584489344026e+04 768 7235 3201 32010  4  41  46  51  48  48  48  48  38  42  34  38  23  30   302  640862  1814 0.997 
134 1.192035876235e+06 1.631899270263e+04 768 7235 3201 32010  4  41  45  51  48  48  48  49  38  42  34  38  23  30   303  654716  1784 0.997 
135 1.208843694759e+06 1.680781852372e+04 768 7235 3201 32010  4  40  45  51  49  49  49  49  38  42  34  38  24  31   313  675444  1792 0.997 
136 1.226128729798e+06 1.728503503890e+04 768 7235 3201 32010  4  40  45  51  49  49  49  49  38  42  34  38  24  31   313  689266  1794 0.997 
137 1.243902120998e+06 1.777339120063e+04 768 7235 3201 32010  4  40  46  52  49  49  49  49  38  42  35  38  25  32   322  703093  1791 0.997 
138 1.262174749022e+06 1.827262802337e+04 768 7235 3201 32010  4  40  46  52  49  49  49  49  38  42  35  38  25  32   321  723835  1785 0.998 
139 1.280957032351e+06 1.878228332925e+04 768 7235 3201 32010  4  39  46  52  49  49  49  49  39  42  35  38  25  32   322  737673  1771 0.998 
140 1.300258923735e+06 1.930189138452e+04 768 7235 3201 32010  4  39  46  53  48  48  48  48  39  41  35  38  25  32   324  758401  1779 0.998 
141 1.320089932405e+06 1.983100866977e+04 768 7235 3201 32010  4  38  46  53  48  48  48  48  40  41  34  37  25  32   323  779134  1782 0.998 
142 1.340459104385e+06 2.036917198018e+04 768 7235 3201 32010  4  38  45  53  48  48  48  48  40  41  34  37  25  32   323  792956  1784 0.998 
143 1.361375046422e+06 2.091594203631e+04 768 7235 3201 32010  4  38  45  52  48  48  48  48  39  41  35  37  26  33   332  813710  1766 0.998 
144 1.382845941837e+06 2.147089541575e+04 768 7235 3201 32010  4  38  45  51  48  48  48  48  38  41  34  37  26  33   331  834430  1782 0.998 
145 1.404854261655e+06 2.200831981808e+04 768 7235 3201 32010  4  37  45  51  48  48  48  48  39  42  34  38  27  34   341  855176  1772 0.998 
146 1.427390895765e+06 2.253663410919e+04 768 7235 3201 32010  4  37  45  50  48  48  48  48  39  42  35  38  26  33   330  868983  1789 0.998 
147 1.450460020954e+06 2.306912518952e+04 768 7235 3201 32010  4  36  44  49  47  47  47  47  38  42  34  38  27  34   340  889706  1802 0.998 
148 1.474065293345e+06 2.360527239130e+04 768 7235 3201 32010  4  36  44  49  47  47  47  47  38  42  34  38  27  34   340  910446  1798 0.998 
149 1.498209826171e+06 2.414453282572e+04 768 7235 3201 32010  4  35  44  49  46  46  46  46  38  42  34  38  26  33   331  924285  1783 0.998 
150 1.522896095804e+06 2.468626963311e+04 768 7235 3201 32010  4  35  44  47  46  46  46  46  39  42  34  38  27  34   341  944985  1819 0.998 
151 1.548125834074e+06 2.522973826948e+04 768 7235 3201 32010  4  35  44  47  46  46  46  46  39  42  34  38  27  34   341  965719  1821 0.998 
152 1.573900044797e+06 2.577421072368e+04 768 7235 3201 32010  4  35  44  47  46  46  46  46  39  42  34  38  27  34   340  979566  1798 0.998 
153 1.600218958851e+06 2.631891405400e+04 768 7235 3201 32010  4  35  43  47  46  46  46  46  39  42  35  38  27  34   340 1000334  1766 0.998 
154 1.627082024257e+06 2.686306540573e+04 768 7235 3201 32010  4  35  43  47  46  46  46  46  39  42  35  38  27  34   340 1021013  1823 0.998 
155 1.654487920082e+06 2.740589582529e+04 768 7235 3201 32010  4  35  43  47  46  46  46  46  39  42  35  38  27  34   340 1041778  1794 0.998 
156 1.682434606852e+06 2.794668676924e+04 768 7235 3201 32010  4  34  43  45  46  46  46  46  39  42  35  38  27  34   340 1055591  1805 0.998 
157 1.710919342779e+06 2.848473592712e+04 768 7235 3201 32010  4  34  43  45  46  46  46  46  39  42  35  38  27  34   340 1076337  1795 0.998 
158 1.739938752544e+06 2.901940976476e+04 768 7235 3201 32010  4  34  43  45  46  46  46  46  39  42  35  38  27  34   340 1097049  1819 0.998 
159 1.769488881793e+06 2.955012924976e+04 768 7235 3201 32010  4  34  43  45  46  46  46  46  38  42  34  38  25  32   320 1110911  1781 0.998 
160 1.799565199088e+06 3.007631729414e+04 768 7235 3201 32010  4  34  43  45  46  46  46  46  38  42  34  38  25  32   320 1131628  1800 0.998 
161 1.830162588598e+06 3.059738951007e+04 768 7235 3201 32010  4  32  43  43  46  46  46  46  38  42  34  38  25  32   320 1145483  1769 0.998 
162 1.861256555074e+06 3.109396647631e+04 768 7235 3201 32010  4  31  43  43  46  46  46  46  38  42  34  38  25  32   320 1166203  1785 0.998 
163 1.892817530278e+06 3.156097520451e+04 768 7235 3201 32010  4  31  42  43  45  46  46  46  38  42  34  38  25  32   320 1180042  1770 0.999 
164 1.924838191516e+06 3.202066123805e+04 768 7235 3201 32010  4  31  42  43  45  45  45  45  38  42  34  38  24  31   310 1200783  1765 0.999 
165 1.957310428482e+06 3.247223696553e+04 768 7235 3201 32010  4  31  42  43  45  45  45  45  38  42  34  38  24  31   310 1214636  1736 0.999 
166 1.990225253826e+06 3.291482534427e+04 768 7235 3201 32010  4  31  42  43  44  44  44  44  38  41  34  37  22  29   290 1228464  1732 0.999 
167 2.023572863235e+06 3.334760940886e+04 768 7235 3201 32010  4  31  42  43  44  44  44  44  38  41  34  37  21  28   280 1242294  1726 0.999 
168 2.057342275339e+06 3.376941210419e+04 768 7235 3201 32010  4  31  42  43  44  44  44  44  37  40  34  37  21  28   280 1256153  1691 0.999 
169 2.091521233787e+06 3.417895844789e+04 768 7235 3201 32010  4  31  42  43  44  44  44  44  37  40  34  37  21  28   280 1269970  1698 0.999 
170 2.126095987483e+06 3.457475369583e+04 768 7235 3201 32010  4  31  42  43  44  44  44  44  37  39  33  35  19  26   260 1283829  1663 0.999 
171 2.161051192640e+06 3.495520515707e+04 768 7235 3201 32010  4  30  42  42  44  44  44  44  37  39  32  35  19  26   260 1297627  1689 0.999 
172 2.196369858232e+06 3.531866559226e+04 768 7235 3201 32010  4  29  41  41  44  44  44  44  36  39  32  35  18  25   250 1311474  1666 0.999 
173 2.232033390912e+06 3.566353267972e+04 768 7235 3201 32010  4  29  37  41  44  44  44  44  35  39  32  35  18  25   250 1325294  1670 0.999 
174 2.268021636870e+06 3.598824595772e+04 768 7235 3201 32010  4  29  36  41  43  43  43  37  34  38  30  34  17  24   240 1332242  1634 0.999 
175 2.304313119518e+06 3.629148264870e+04 768 7235 3201 32010  4  29  37  41  44  38  38  38  35  39  31  35  17  24   240 1346083  1617 0.999 
176 2.340884946030e+06 3.657182651120e+04 768 7235 3201 32010  4  29  36  41  37  37  37  37  34  38  30  34  15  22   220 1352983  1629 0.999 
177 2.377713435932e+06 3.682848990260e+04 768 7235 3201 32010  3  23  30  34  32  32  32  32  29  32  26  29  15  20   200 1366820  1616 0.999 
178 2.414773982961e+06 3.706054702864e+04 768 7235 3201 32010  3  22  30  34  32  32  32  32  29  32  26  29  15  20   200 1373757  1591 0.999 
179 2.452041233430e+06 3.726725046900e+04 768 7235 3201 32010  3  22  30  34  32  32  32  31  29  32  26  29  15  20   200 1380656  1604 0.999 
180 2.489489583514e+06 3.744835008452e+04 768 7235 3201 32010  3  22  30  34  32  32  32  31  29  32  26  29  15  20   200 1387610  1562 0.999 
181 2.527093511644e+06 3.760392812916e+04 768 7235 3201 32010  3  22  30  34  32  31  31  31  29  32  26  28  15  20   200 1394514  1570 0.999 
182 2.564827820024e+06 3.773430838063e+04 768 7235 3201 32010  3  22  30  35  31  31  31  31  29  32  26  28  15  20   200 1394553  1531 0.999 
183 2.602667758238e+06 3.783993821424e+04 768 7235 3201 32010  3  22  29  35  31  31  31  31  29  31  26  28  15  20   200 1401423  1573 0.999 
184 2.640589272890e+06 3.792151465183e+04 768 7235 3201 32010  3  22  29  34  31  31  31  31  29  30  26  27  13  18   180 1401467  1529 0.999 
185 2.678569286902e+06 3.798001401179e+04 768 7235 3201 32010  3  21  29  33  31  31  31  31  28  30  26  27  13  18   180 1401463  1533 0.999 
186 2.716585941023e+06 3.801665412117e+04 768 7235 3201 32010  3  22  29  33  31  31  31  31  27  30  25  27  13  18   180 1408423  1485 0.999 
187 2.754618763959e+06 3.803282293559e+04 768 7235 3201 32010  3  22  29  33  31  31  31  31  27  30  25  27  13  18   180 1408374  1534 0.999 
188 2.792648832027e+06 3.803006806790e+04 768 7235 3201 32010  3  22  29  33  31  31  31  31  27  30  25  27  13  18   180 1408442  1466 0.999 
189 2.830658885942e+06 3.801005391549e+04 768 7235 3201 32010  3  22  29  33  31  31  31  31  27  30  25  27  13  18   180 1408447  1461 0.999 
190 2.868633410571e+06 3.797452462895e+04 768 7235 3201 32010  3  22  29  33  30  30  30  30  27  30  24  27  12  17   170 1401570  1426 0.999 
191 2.906558680086e+06 3.792526951476e+04 768 7235 3201 32010  3  22  29  33  30  30  30  30  27  30  24  27  12  17   170 1401494  1502 0.999 
192 2.944422805242e+06 3.786412515639e+04 768 7235 3201 32010  3  22  29  33  30  30  30  30  27  30  24  27  12  17   170 1401571  1425 0.999 
193 2.982125461401e+06 3.770265615854e+04 768 7235 3201 32010  3  22  29  32  30  30  30  30  27  30  24  27  12  17   170 1394652  1432 0.999 
194 3.000000000000e+06 1.787453859909e+04 768 7235 3201 32010  3  15  22  23  23  23  23  23  18  19  16  17   6  10   100  710406  1390 0.998 
