# 1: Time step number
# 2: Time (years)
# 3: Time step size (years)
# 4: Number of mesh cells
# 5: Number of Stokes degrees of freedom
# 6: Number of temperature degrees of freedom
# 7: Number of degrees of freedom for all compositions
# 8: Number of nonlinear iterations
# 9: Iterations for temperature solver
# 10: Iterations for composition solver 1
# 11: Iterations for composition solver 2
# 12: Iterations for composition solver 3
# 13: Iterations for composition solver 4
# 14: Iterations for composition solver 5
# 15: Iterations for composition solver 6
# 16: Iterations for composition solver 7
# 17: Iterations for composition solver 8
# 18: Iterations for composition solver 9
# 19: Iterations for composition solver 10
# 20: Iterations for Stokes solver
# 21: Velocity iterations in Stokes preconditioner
# 22: Schur complement iterations in Stokes preconditioner
# 23: Minimal cells per process
# 24: Maximal cells per process
# 25: Average cells per process
# 26: Cache hits
# 27: Cache misses
# 28: Cache hit rate
 0 0.000000000000e+00 0.000000000000e+00 192 1891 833 8330  2   0   0   0   0   0   0   0   0   0   0   0  16  20   189 16 16 16.0000 306984 11358 0.964 
 1 1.000000000000e+05 1.000000000000e+05 192 1891 833 8330 10  81   0 135   0   0   0   0   0   0   0   0  93 113  1129 16 16 16.0000 920538   106 1.000 
 2 2.000000000000e+05 1.000000000000e+05 192 1891 833 8330 10  85   0 133   0   0   0   0   0   0   0   0  81 101  1009 16 16 16.0000 920350   294 1.000 
 3 3.000000000000e+05 1.000000000000e+05 192 1891 833 8330 10  98   0 158   0   0   0   0   0   0   0   0  86 106  1054 16 16 16.0000 920261   383 1.000 
 4 4.000000000000e+05 1.000000000000e+05 192 1891 833 8330 10 161   0 237   0   0   0   0   0   0   0   0  91 111  1104 16 16 16.0000 920109   535 0.999 
 5 4.506312267011e+05 5.063122670110e+04 192 1891 833 8330 10 161   0 211   0   0   0   0   0   0   0   0  59  79   790 16 16 16.0000 493100   728 0.999 
 6 4.812453975913e+05 3.061417089016e+04 192 1891 833 8330 10 125   0 151   0   0   0   0   0   0   0   0  33  51   509 16 16 16.0000 320296   732 0.998 
 7 5.045021483669e+05 2.325675077566e+04 192 1891 833 8330  6  85   0  99   0   0   0   0   0   0   0   0  26  37   369 16 16 16.0000 256398   694 0.997 
 8 5.236720217357e+05 1.916987336879e+04 192 1891 833 8330  5  72   0  83   0   0   0   0   0   0   0   0  22  31   310 16 16 16.0000 220083   721 0.997 
 9 5.402261110575e+05 1.655408932177e+04 192 1891 833 8330  5  70   0  81   0   0   0   0   0   0   0   0  18  27   270 16 16 16.0000 197636   704 0.996 
10 5.549812554077e+05 1.475514435018e+04 192 1891 833 8330  5  62   0  66   0   0   0   0   0   0   0   0  15  23   230 16 16 16.0000 182095   693 0.996 
11 5.684486671720e+05 1.346741176436e+04 192 1891 833 8330  4  57   0  62   0   0   0   0   0   0   0   0  14  21   210 16 16 16.0000 171734   686 0.996 
12 5.808478995207e+05 1.239923234864e+04 192 1891 833 8330  4  56   0  56   0   0   0   0   0   0   0   0  15  22   220 16 16 16.0000 161348   704 0.996 
13 5.922870409239e+05 1.143914140329e+04 192 1891 833 8330  4  55   0  55   0   0   0   0   0   0   0   0  13  20   200 16 16 16.0000 154416   724 0.995 
14 6.030189897666e+05 1.073194884267e+04 192 1891 833 8330  4  54   0  56   0   0   0   0   0   0   0   0  13  20   200 16 16 16.0000 147520   708 0.995 
15 6.132297804481e+05 1.021079068146e+04 192 1891 833 8330  4  53   0  54   0   0   0   0   0   0   0   0  12  19   190 16 16 16.0000 144086   686 0.995 
16 6.230620442171e+05 9.832263769002e+03 192 1891 833 8330  4  48   0  44   0   0   0   0   0   0   0   0  11  17   170 16 16 16.0000 140615   701 0.995 
17 6.326293341053e+05 9.567289888207e+03 192 1891 833 8330  4  48   0  44   0   0   0   0   0   0   0   0  11  17   170 16 16 16.0000 137146   714 0.995 
18 6.420253841546e+05 9.396050049313e+03 192 1891 833 8330  4  53   0  53   0   0   0   0   0   0   0   0  11  18   180 16 16 16.0000 135444   688 0.995 
19 6.513306210417e+05 9.305236887149e+03 192 1891 833 8330  4  52   0  53   0   0   0   0   0   0   0   0  11  18   180 16 16 16.0000 135431   701 0.995 
20 6.606165842039e+05 9.285963162155e+03 192 1891 833 8330  4  52   0  53   0   0   0   0   0   0   0   0  11  18   182 16 16 16.0000 135434   698 0.995 
21 6.699485973527e+05 9.332013148835e+03 192 1891 833 8330  4  52   0  53   0   0   0   0   0   0   0   0  11  18   182 16 16 16.0000 135430   702 0.995 
22 6.793874743074e+05 9.438876954619e+03 192 1891 833 8330  4  53   0  53   0   0   0   0   0   0   0   0  11  18   183 16 16 16.0000 137170   690 0.995 
23 6.887339538359e+05 9.346479528568e+03 192 1891 833 8330  4  48   0  44   0   0   0   0   0   0   0   0  10  16   166 16 16 16.0000 135431   701 0.995 
24 6.978314383998e+05 9.097484563893e+03 192 1891 833 8330  4  46   0  44   0   0   0   0   0   0   0   0  10  16   165 16 16 16.0000 133705   699 0.995 
25 7.067954097993e+05 8.963971399495e+03 192 1891 833 8330  3  42   0  43   0   0   0   0   0   0   0   0  11  16   167 16 16 16.0000 131973   703 0.995 
26 7.156943087526e+05 8.898898953284e+03 192 1891 833 8330  3  42   0  43   0   0   0   0   0   0   0   0  11  16   168 16 16 16.0000 131979   697 0.995 
27 7.246133348064e+05 8.919026053789e+03 192 1891 833 8330  3  41   0  43   0   0   0   0   0   0   0   0  11  16   166 16 16 16.0000 131971   705 0.995 
28 7.336298652571e+05 9.016530450694e+03 192 1891 833 8330  3  41   0  42   0   0   0   0   0   0   0   0  11  16   165 16 16 16.0000 133701   703 0.995 
29 7.428137757806e+05 9.183910523520e+03 192 1891 833 8330  3  40   0  43   0   0   0   0   0   0   0   0  11  16   169 16 16 16.0000 133713   691 0.995 
30 7.522292091812e+05 9.415433400619e+03 192 1891 833 8330 10 137 188 145 181 181 181 181 136 146 126 135 149 169 14080 16 16 16.0000 137164   696 0.995 
31 7.619723851104e+05 9.743175929228e+03 192 1891 833 8330 10 157 194 161 190 189 190 190 153 162 142 152 280 300 30909 16 16 16.0000 138749   839 0.994 
32 7.721593246757e+05 1.018693956523e+04 192 1891 833 8330 10 152 193 159 185 184 185 184 154 164 143 153 302 322 40350 16 16 16.0000 142173   871 0.994 
33 7.828180158838e+05 1.065869120812e+04 192 1891 833 8330 10 146 189 151 179 178 182 181 148 150 138 148 310 330 46733 16 16 16.0000 147487   741 0.995 
34 7.939895191633e+05 1.117150327953e+04 192 1891 833 8330 10 151 187 159 187 187 189 189 147 157 140 147 309 329 54083 16 16 16.0000 150846   838 0.994 
35 8.056887039192e+05 1.169918475584e+04 192 1891 833 8330 10 151 195 161 192 192 192 192 154 162 143 152 295 315 42046 16 16 16.0000 156151   717 0.995 
36 8.179981787388e+05 1.230947481961e+04 192 1891 833 8330 10 144 199 154 179 179 179 180 144 153 128 137 225 245 36551 16 16 16.0000 161318   734 0.995 
37 8.308772737048e+05 1.287909496602e+04 192 1891 833 8330 10 123 185 134 167 168 167 167 117 127 107 117 135 155 22366 16 16 16.0000 166515   721 0.996 
38 8.440118923845e+05 1.313461867973e+04 192 1891 833 8330 10 159 211 174 207 206 207 207 165 174 153 161 226 246 38740 16 16 16.0000 168231   733 0.996 
39 8.571009341799e+05 1.308904179537e+04 192 1891 833 8330 10 154 206 170 195 199 197 201 157 167 146 155 238 258 40348 16 16 16.0000 168228   736 0.996 
40 8.707784309615e+05 1.367749678157e+04 192 1891 833 8330 10 149 209 165 188 186 191 189 150 157 140 149 243 263 37361 16 16 16.0000 173404   744 0.996 
41 8.849040163988e+05 1.412558543737e+04 192 1891 833 8330 10 154 206 167 198 198 198 198 159 169 146 156 227 247 33430 16 16 16.0000 176839   765 0.996 
42 8.952481285057e+05 1.034411210684e+04 192 1891 833 8330 10 134 182 138 161 160 163 163 130 138 118 128 204 224 33930 16 16 16.0000 143970   802 0.994 
43 9.121480354859e+05 1.689990698027e+04 192 1891 833 8330 10 122 192 130 152 151 152 151 101 110  90  98  85 105 14131 16 16 16.0000 201014   782 0.996 
44 9.315465207596e+05 1.939848527367e+04 192 1891 833 8330 10 119 193 129 145 145 145 145  97 105  87  95  74  94 14644 16 16 16.0000 221704   828 0.996 
45 9.523105950536e+05 2.076407429401e+04 192 1891 833 8330  8  99 156 105 119 119 119 119  81  87  73  79  64  80 11381 16 16 16.0000 233803   825 0.996 
46 9.743012265503e+05 2.199063149665e+04 192 1891 833 8330  7  92 130 101 109 109 109 109  76  82  68  75  57  71 10122 16 16 16.0000 244173   823 0.997 
47 9.974933160932e+05 2.319208954293e+04 192 1891 833 8330 10 117 161 131 140 140 140 140  93 102  83  92  68  88 13153 16 16 16.0000 254535   829 0.997 
48 1.022017358806e+06 2.452404271245e+04 192 1891 833 8330 10 116 170 130 140 140 139 140  91 101  83  91  69  89 11106 16 16 16.0000 266633   827 0.997 
49 1.047890389014e+06 2.587303020830e+04 192 1891 833 8330 10 114 171 127 135 135 135 135  88  97  79  87  71  91 12371 16 16 16.0000 278718   838 0.997 
50 1.075346580384e+06 2.745619136989e+04 192 1891 833 8330 10 114 165 131 133 133 133 133  93 101  84  90  62  82 10805 16 16 16.0000 292557   823 0.997 
51 1.104623116259e+06 2.927653587552e+04 192 1891 833 8330 10 112 174 130 135 136 135 135  88  96  80  86  68  88  8895 16 16 16.0000 308089   843 0.997 
52 1.135757963557e+06 3.113484729721e+04 192 1891 833 8330 10 116 173 132 132 134 132 133  95 102  84  92  69  89 13269 16 16 16.0000 323647   837 0.997 
53 1.168936253105e+06 3.317828954874e+04 192 1891 833 8330 10 115 160 132 131 131 131 131  94 102  84  92  69  89 11393 16 16 16.0000 340926   838 0.998 
54 1.204310964616e+06 3.537471151068e+04 192 1891 833 8330 10 112 157 132 131 131 131 131  97 105  86  96  61  81 12050 16 16 16.0000 359939   833 0.998 
55 1.242002273851e+06 3.769130923521e+04 192 1891 833 8330 10 113 163 128 128 128 127 128  98 103  88  93  63  83 12200 16 16 16.0000 380658   850 0.998 
56 1.282228443656e+06 4.022616980486e+04 192 1891 833 8330 10 106 158 125 118 118 118 118  92  96  82  91  64  84 11780 16 16 16.0000 403153   819 0.998 
57 1.325111529055e+06 4.288308539933e+04 192 1891 833 8330 10 109 160 131 125 125 125 125 100 107  90  97  78  98 15392 16 16 16.0000 425620   816 0.998 
58 1.370461144198e+06 4.534961514244e+04 192 1891 833 8330 10 103 157 122 121 121 121 121  89  97  82  88  58  78 11173 16 16 16.0000 446357   815 0.998 
59 1.418120199565e+06 4.765905536749e+04 192 1891 833 8330  7  81 111  97  94  94  94  94  76  80  70  75  49  63  8735 16 16 16.0000 467098   810 0.998 
60 1.468151750273e+06 5.003155070723e+04 192 1891 833 8330 10  99 152 121 122 122 122 122  93  99  86  89  57  77 11113 16 16 16.0000 487858   786 0.998 
61 1.500000000000e+06 3.184824972746e+04 192 1891 833 8330 10  91 151 114 106 106 106 106  90  95  80  88  81 101 10139 16 16 16.0000 330636   760 0.998 
